5	0.0144691521068	0.454714186283	0.454343868792
10	0.0144691521068	0.572626844895	0.570766334125
15	0.0144691521068	0.623570039084	0.623694965467
20	0.0144691521068	0.624462370389	0.624506986954
25	0.0144691521068	0.625042385737	0.625644709368
30	0.0144691521068	0.652276337158	0.664229114986
35	0.0144691521068	0.678145021684	0.677667624436
40	0.0144691521068	0.686318776435	0.688090054075
45	0.0144691521068	0.689914871594	0.689334856245
50	0.0144691521068	0.709572930238	0.69418021523
55	0.0144691521068	0.720039976442	0.718723787768
60	0.0144691521068	0.727856798672	0.725286884514
65	0.0144691521068	0.764370995663	0.780250031232
70	0.0144691521068	0.797485410383	0.796637695644
75	0.0144691521068	0.799867934967	0.799212071458
80	0.0144691521068	0.801099352167	0.80090303928
85	0.0144691521068	0.801706137455	0.801599057698
90	0.0144691521068	0.802036300037	0.801982760159
95	0.0144691521068	0.802259382864	0.802241536238
100	0.0144691521068	0.802411079185	0.802500312316
