5	0.9591760501	0.998071651166	0.998544342093
10	0.9591760501	0.998307288867	0.999233881468
15	0.9591760501	0.998846839265	0.999338171091
20	0.9591760501	0.999281190059	0.9994138157
25	0.9591760501	0.999319243402	0.999357032634
30	0.9591760501	0.999338156444	0.999357120986
35	0.9591760501	0.999357032634	0.999696822942
40	0.9591760501	0.999357032634	0.999706273321
45	0.9591760501	0.999696822942	0.999706227963
50	0.9591760501	0.999696946257	0.999706763746
55	0.9591760501	0.999696946257	0.999820143253
60	0.9591760501	0.99970623505	0.999820224518
65	0.9591760501	0.999706292692	0.999839149844
70	0.9591760501	0.999782301104	0.999839145592
75	0.9591760501	0.999829769864	0.999839219298
80	0.9591760501	0.999830360453	0.99986631177
85	0.9591760501	0.999839086533	0.999866331614
90	0.9591760501	0.999839086533	0.999866349095
95	0.9591760501	0.999866290509	0.999866377443
100	0.9591760501	0.999866327361	0.999866371774
