5	0.00310756973751	0.738714111089	0.737867424393
10	0.00310756973751	0.812861817017	0.811595893183
15	0.00310756973751	0.848072582202	0.849606311367
20	0.00310756973751	0.868687890849	0.86988514963
25	0.00310756973751	0.880781062787	0.880589154602
30	0.00310756973751	0.888043946086	0.888779189899
35	0.00310756973751	0.892827830127	0.893190167164
40	0.00310756973751	0.89622374783	0.897564908563
45	0.00310756973751	0.898716624981	0.89906109148
50	0.00310756973751	0.900562400166	0.900187737612
55	0.00310756973751	0.901973744816	0.902424810827
60	0.00310756973751	0.90310779336	0.903055122915
65	0.00310756973751	0.904076124387	0.903920296702
70	0.00310756973751	0.90494442538	0.904791056464
75	0.00310756973751	0.905753064206	0.905575873983
80	0.00310756973751	0.906532261142	0.906502925859
85	0.00310756973751	0.907301330339	0.906629761932
90	0.00310756973751	0.908076327586	0.908632912807
95	0.00310756973751	0.908853015177	0.908317132433
100	0.00310756973751	0.909631513482	0.910242259243
