5	0.00429492444086	0.739473387324	0.740429106536
10	0.00429492444086	0.813415549463	0.81058636841
15	0.00429492444086	0.84844152689	0.849246051677
20	0.00429492444086	0.868963011281	0.869393904982
25	0.00429492444086	0.881049882377	0.88169154029
30	0.00429492444086	0.88834240074	0.888934303066
35	0.00429492444086	0.893172614131	0.892951087903
40	0.00429492444086	0.896626542338	0.89782125432
45	0.00429492444086	0.899179586857	0.899285430487
50	0.00429492444086	0.901087075267	0.90107590461
55	0.00429492444086	0.902554903806	0.902895908088
60	0.00429492444086	0.90374268919	0.903000213928
65	0.00429492444086	0.904759746773	0.904948952027
70	0.00429492444086	0.905673877325	0.905733982016
75	0.00429492444086	0.9065244766	0.905665498679
80	0.00429492444086	0.907340351169	0.906790043651
85	0.00429492444086	0.908140578716	0.907920568247
90	0.00429492444086	0.908943334443	0.909775072357
95	0.00429492444086	0.909744709471	0.909955589793
100	0.00429492444086	0.910547719449	0.91171024956
