5	0.00297293750673	0.738926326624	0.738084248954
10	0.00297293750673	0.813103610821	0.811857481757
15	0.00297293750673	0.848332116269	0.849866376063
20	0.00297293750673	0.868959653778	0.870133622169
25	0.00297293750673	0.881064342646	0.880912934738
30	0.00297293750673	0.888340124408	0.889089681046
35	0.00297293750673	0.893138065187	0.893462651026
40	0.00297293750673	0.896548776118	0.897920689007
45	0.00297293750673	0.8990568898	0.899429886132
50	0.00297293750673	0.900918189706	0.900594433471
55	0.00297293750673	0.902345130629	0.902824347483
60	0.00297293750673	0.90349464485	0.903362684236
65	0.00297293750673	0.904478108895	0.904383046355
70	0.00297293750673	0.905361103699	0.905201898305
75	0.00297293750673	0.906183848545	0.90592086595
80	0.00297293750673	0.906976425608	0.906893261013
85	0.00297293750673	0.907758011052	0.907109409158
90	0.00297293750673	0.908544586101	0.909107764388
95	0.00297293750673	0.909331952978	0.908845085678
100	0.00297293750673	0.910120223328	0.91072134174
