2	0.0	0.469515759237	0.459187693037	0.599969078191	0.707587007425	0.673904678655	0.666369965829	0.643241271917	0.638862349998	0.628286708323	0.627918542198	0.618516253616	0.619534510588	
4	0.0	0.426654655712	0.705690395548	0.670443754806	0.64571138266	0.630239154308	0.613546662626	0.591796965212	0.572219129703	0.56525045792	0.595159273022	0.594809001889	0.59556973204	
6	0.0	0.56829078571	0.651953518674	0.620682520482	0.594238377831	0.562190628287	0.542990984594	0.585267182124	0.580033778529	0.573586938153	0.570012854509	0.555856301929	0.553867585669	
8	0.0	0.667870779749	0.629925636587	0.58120867645	0.533753127936	0.561581060107	0.560259922858	0.554625200495	0.542574196533	0.535385702699	0.525351047597	0.518262971093	0.512491788356	
10	0.0	0.632173615218	0.592502736294	0.53569933418	0.55642761198	0.554892205565	0.543334912427	0.522036324977	0.514078142802	0.505009706298	0.508325207004	0.504617617779	0.513045372653	
12	0.0	0.633275427501	0.557491353813	0.498268223415	0.536005767635	0.526654850003	0.508881186505	0.494629420513	0.482046380362	0.484998946801	0.495906805949	0.519480433048	0.516744746972	
14	0.0	0.601998545343	0.513660794697	0.528819623912	0.521035043318	0.500177956205	0.486737482026	0.477240641226	0.483078722399	0.506846883289	0.511564744616	0.505913236409	0.500971150847	
16	0.0	0.596356257253	0.481250056417	0.516506014725	0.496691419565	0.474199591917	0.460524175294	0.468522797744	0.50132915264	0.496861075706	0.490740637186	0.484693567639	0.488580755993	
18	0.0	0.543944467783	0.45070786776	0.490892201589	0.474603241174	0.448696143142	0.449477091722	0.478765199633	0.48254488697	0.476223718749	0.472020735129	0.471437539581	0.490351279991	
20	0.0	0.525843918975	0.505256802409	0.49881353731	0.466450553416	0.456361690685	0.486819449876	0.492942196658	0.482558164122	0.474642751221	0.469986414246	0.489438209585	0.887265638857	
22	0.0	0.512347685449	0.50325450627	0.479471640512	0.457800105712	0.457576018051	0.488359365531	0.479706942823	0.470605039582	0.468067426443	0.484750732273	0.894044140551	0.869138619483	
24	0.0	0.517814515123	0.509524455606	0.477164026893	0.438900519515	0.475311211048	0.477958391996	0.465936735446	0.465177060689	0.480642181903	0.897158563518	0.870028864839	0.84572014753	
26	0.0	0.477418811355	0.494480908497	0.45842696014	0.443214649492	0.478662413263	0.47076437342	0.461203362286	0.456836128793	0.47293319753	0.883188154551	0.853569475902	0.881582533188	
28	0.0	0.456997881623	0.478334972127	0.443194528501	0.443548547349	0.477964699876	0.462663911757	0.457919238428	0.472288662578	0.901494605564	0.868704016214	0.892488272386	0.909544946204	
30	0.0	0.451339245063	0.479358961124	0.429105552111	0.462556066688	0.45631444982	0.447187580047	0.442242641812	0.911614228846	0.874481662675	0.89965473431	0.912320398004	0.890814636743	
32	0.0	0.443015779181	0.475217749631	0.428398362413	0.471484872793	0.459434820046	0.454913571862	0.464555349472	0.901941739417	0.868114346818	0.894578942849	0.901577262878	0.878404495409	
34	0.0	0.444622883253	0.46650576959	0.428105899976	0.467168138603	0.453031706681	0.446226439527	0.932490218328	0.89084976922	0.909797706204	0.918293472417	0.893737294924	0.86831773445	
36	0.0	0.416135431026	0.447239306889	0.416322280612	0.455276170064	0.444600878814	0.465941930826	0.924495771319	0.883595252487	0.937391197967	0.915777432488	0.884068006385	0.861106577358	
38	0.0	0.473063720326	0.438347225663	0.41889988047	0.450506093186	0.447338532802	0.455718717066	0.900922509919	0.921844590199	0.92728835304	0.897742412112	0.872626428867	1.25908734857	
40	0.0	0.476903978551	0.433436837329	0.456877495588	0.450666635959	0.441734157357	0.948659484919	0.901343233769	0.922127429714	0.925772696809	0.89525674366	0.870351164275	1.24431427378	
42	0.0	0.468391561479	0.419274336635	0.448104470463	0.441023301944	0.432550072154	0.93466557549	0.8881908607	0.941550997404	0.909317519622	0.878404387986	1.26671963505	1.21976825282	
44	0.0	0.478982033742	0.423471664178	0.458817311915	0.440634641357	0.456408112882	0.924120989598	0.934405519639	0.936283482926	0.903462158011	0.87791043153	1.25562358786	1.21241176895	
46	0.0	0.476324924574	0.40494212995	0.44775425244	0.430839665961	0.448809359313	0.91195326622	0.955583763604	0.926301104576	0.893352349427	1.28561185603	1.23260686934	1.20151830479	
48	0.0	0.452347403344	0.401574841687	0.441284244147	0.429098859803	0.951863566391	0.902433388392	0.947323384221	0.912326076636	0.877275762325	1.26025228876	1.21488678637	1.1816559972	
50	0.0	0.456095510874	0.408860276702	0.435049633544	0.429485815042	0.958788874816	0.955242921667	0.945201844931	0.908078312227	1.30090697079	1.24627637899	1.21301553359	1.17051151728	
52	0.0	0.457437955577	0.401427848102	0.435409435787	0.421525208008	0.940209330745	0.942314250346	0.935140461598	0.893683891087	1.28157912977	1.22167334723	1.18734449733	1.14580981083	
54	0.0	0.447614779944	0.399400632946	0.425039007604	0.442506461662	0.930650870347	0.968060732807	0.930043048189	0.890909764625	1.2821275642	1.23269688545	1.19260854355	1.16731983914	
56	0.0	0.439914653954	0.394733248636	0.422754757182	0.440369412335	0.932738702171	0.971420267087	0.926382169152	1.32318054225	1.26164440268	1.22306821531	1.17708514861	1.15834634631	
58	0.0	0.449926675558	0.39881433397	0.419293159202	0.43673763897	0.920966019096	0.951836984799	0.910891563876	1.30509006399	1.24439614803	1.20406509028	1.15716360265	1.25755031534	
60	0.0	0.429952008097	0.420466825299	0.410441344117	0.972258272507	0.961633199491	0.94785947033	0.899167964638	1.28587571601	1.23209933287	1.18616751514	1.16040324372	1.24785131717	
62	0.0	0.434756652336	0.41577787926	0.4120991646	0.965961526121	0.957490587782	0.939104037971	0.895082174308	1.27177624034	1.22513795066	1.17670057638	1.15469598842	1.23599490783	
64	0.0	0.438013781598	0.440018043649	0.420494813159	0.965677785964	0.95424772504	0.935578039166	1.33081327902	1.26184112723	1.22169778347	1.1714499449	1.26963270938	1.40404118109	
