2	0.0	0.0172769111009	0.0162465041971	0.0164738067321	0.0168678988121	0.0171308716652	0.0170221932706	0.0170856274924	0.0168885254818	0.0165767256326	0.0167976138406	0.0170293848903	0.0171985700086	
4	0.0	0.0149229308632	0.0154614286985	0.0163560288778	0.0162809945018	0.0173093282125	0.0179551527699	0.0177794285346	0.0174708309389	0.0173590723574	0.0171351409462	0.0170813220632	0.0170392007104	
6	0.0	0.018274273751	0.0176388867821	0.0174247495258	0.0175298630697	0.0167592694557	0.0165481917261	0.0163241612854	0.0165383445656	0.0165970492938	0.0163447333639	0.0165733940249	0.0168163879253	
8	0.0	0.0201935734649	0.0199917301845	0.0202990503142	0.0196770073197	0.0192830689219	0.01881422643	0.0187531277539	0.0186296174051	0.0194578659048	0.0193880668226	0.0197249493852	0.0194630209664	
10	0.0	0.0184045019863	0.0188913521804	0.0186464117367	0.0178437229799	0.0177018148719	0.0172605305206	0.0177080786061	0.0176583670478	0.0178800528391	0.0178016178097	0.0175786467088	0.0177257406448	
12	0.0	0.0189929818883	0.0184281901526	0.0173161872535	0.0168923030918	0.0164317242437	0.0167317617712	0.0170781297356	0.0168003196344	0.0166486425965	0.0166161589194	0.0165662635779	0.0166233249018	
14	0.0	0.0166584239838	0.0161392821018	0.0154820273894	0.0150396417748	0.0155469783087	0.0157666262521	0.0155990569834	0.0155606794872	0.0156622731712	0.0156559626374	0.0157106399571	0.0154718706769	
16	0.0	0.016255112838	0.0160333941319	0.0154757793631	0.0154751807954	0.0154490127592	0.0148572393002	0.0146494963514	0.0146969577854	0.0145009487945	0.0144335868188	0.0144035119353	0.0141985766262	
18	0.0	0.0156997262569	0.0143238226335	0.0137520157268	0.0142907852617	0.0142609252034	0.0140759134435	0.0140820658042	0.0140916168275	0.014084157883	0.0137687041447	0.0138030565018	0.0137315499589	
20	0.0	0.0131697085098	0.0130049317456	0.0125659993666	0.0132375782384	0.0131795198538	0.0129772380521	0.0129458509212	0.0129155765923	0.0127136494231	0.0128171856069	0.0128598057055	0.0129051509835	
22	0.0	0.0127345415094	0.0121430578806	0.0120480953278	0.012678077761	0.0123194398673	0.0124254017342	0.0125900497187	0.0124474477869	0.0125569595311	0.0124602789861	0.0125970864867	0.0124496599	
24	0.0	0.0131041132256	0.0117713520171	0.011995951475	0.0122548997007	0.0122226429221	0.012314824195	0.0120885121624	0.0118576019553	0.0118764491151	0.0118104991276	0.0117221589806	0.0117385964357	
26	0.0	0.0123195424161	0.0115394204272	0.0124238588822	0.0122028409752	0.0121038216146	0.0119981008293	0.011733792931	0.0116665329572	0.0115941083043	0.0115966086449	0.0116512111747	0.0116253273897	
28	0.0	0.0107758034417	0.0104192250671	0.0110168642361	0.010962459233	0.0111664919274	0.0109944536401	0.0109678470473	0.0108600213984	0.0110328617476	0.0109793595927	0.0110729644941	0.0111501708666	
30	0.0	0.0116157379435	0.0110194082686	0.0116103512362	0.0113071738048	0.0112972818042	0.0110228382118	0.0110279206893	0.0109528025657	0.0109249971827	0.010897794511	0.0108630604228	0.0109535674018	
32	0.0	0.0105049043385	0.0105379425441	0.0109171408508	0.0112187626097	0.0109435622185	0.0108679804814	0.0107063109054	0.0108736241315	0.0108696381392	0.0107630684993	0.0107954425418	0.0109091423266	
34	0.0	0.00973249299284	0.00987977617645	0.0101651035469	0.0101706935648	0.00996042383564	0.00986073475756	0.00999302083041	0.0100555874361	0.0100178262528	0.0100509354747	0.0102050213635	0.0102319399394	
36	0.0	0.0100370568323	0.00983403197392	0.0101468104125	0.0101362659484	0.00991322172057	0.00992064145217	0.00989843496614	0.00990719468153	0.00996947816945	0.0100344102332	0.0100481503165	0.010082953156	
38	0.0	0.00990801107542	0.00992956898851	0.00986487758102	0.00971224112526	0.00940122014289	0.00940638985917	0.00956232781252	0.00966266076108	0.0097317020343	0.00977373875542	0.00966148711083	0.0095533052234	
40	0.0	0.00980524733087	0.0100277952907	0.010020848813	0.00966905194636	0.00941040119359	0.00940663143769	0.00952159610943	0.00949048190605	0.00954664389228	0.00958178017759	0.00967103341394	0.00961963489992	
42	0.0	0.00876434780616	0.00934033244663	0.00927997525981	0.00892402919594	0.00885100809304	0.00886922209657	0.00869582726069	0.00881573232524	0.00893826303558	0.00900195694035	0.00891437465471	0.0089972258425	
44	0.0	0.00856814739073	0.00887367856418	0.00853500526289	0.00852427017955	0.00861684372852	0.00857704711536	0.00881812791479	0.00894522382664	0.00900304190336	0.0090128736308	0.00895198333261	0.00890359328126	
46	0.0	0.00781455165194	0.00820856775795	0.0085210900172	0.00831404342371	0.00831153265291	0.0083886535624	0.00839313290675	0.00865523418564	0.0086388543649	0.00853298798318	0.00854860041035	0.00853564693304	
48	0.0	0.00746020702797	0.00806377789251	0.00803010174661	0.00794789807339	0.00824750882886	0.0082012091195	0.0084026697585	0.00853994554933	0.00846023733537	0.00836970408318	0.00833871369226	0.00838367550523	
50	0.0	0.0078690699118	0.00783049245756	0.00811351315897	0.00804648834657	0.00817702101973	0.0080977103369	0.00809698107013	0.00825131935522	0.00826277613052	0.00829026441076	0.00829364874149	0.00843710297871	
52	0.0	0.00743115646501	0.00812441035214	0.00813350071361	0.00806925197869	0.00809209596082	0.00815025348996	0.00835567510687	0.00829666819317	0.00817675582487	0.00819619526668	0.00826363220737	0.00830699550421	
54	0.0	0.00659722540193	0.00770240505619	0.00770772119854	0.00756859725891	0.00771371779627	0.00781033481629	0.00805984509545	0.00806456540833	0.00798551137498	0.00795349951703	0.00810169535755	0.00798916488717	
56	0.0	0.00744510313568	0.00773544225745	0.00774717313909	0.00777991642081	0.00778859442548	0.0079181892055	0.00813729996288	0.00802597806511	0.00801679007265	0.00794273999942	0.00805590053774	0.00816156932344	
58	0.0	0.00674599967059	0.00714899702701	0.00721021263975	0.0072361126936	0.00734036756164	0.00749878708791	0.00776970183021	0.00765177599514	0.00766384077383	0.00774694981084	0.00776939048564	0.00781068879879	
60	0.0	0.00735571016027	0.00784471213598	0.00756369418236	0.00781993161749	0.00772545236351	0.00788882777872	0.00783357719133	0.00765018021292	0.00772448664286	0.00789854737106	0.00788914243419	0.00791446397361	
62	0.0	0.00695039276493	0.00764309306663	0.00748927100649	0.00763686250545	0.007520015241	0.00754745807619	0.00748786364486	0.00748800326708	0.00747241371439	0.00756752094572	0.00766320375026	0.00765506846385	
64	0.0	0.00618074046601	0.00700152921825	0.00668055948823	0.00691488486112	0.00689413273131	0.00712142217597	0.00698993289602	0.00719453982191	0.00720259151323	0.0072313422692	0.00739023211925	0.00742021523263	
