5	0.264314563427	0.988629716742	0.988398342828
10	0.264314563427	0.995215821772	0.9953031679
15	0.264314563427	0.997002415193	0.997048382813
20	0.264314563427	0.997819716113	0.997831400052
25	0.264314563427	0.998261470345	0.998265512897
30	0.264314563427	0.998510741843	0.998530232407
35	0.264314563427	0.998660327218	0.998679011334
40	0.264314563427	0.998752518491	0.998774230228
45	0.264314563427	0.998808623724	0.998813194081
50	0.264314563427	0.998840081819	0.998843895489
55	0.264314563427	0.998857501232	0.998873009162
60	0.264314563427	0.998866747186	0.998870653157
65	0.264314563427	0.998871846952	0.998862526666
70	0.264314563427	0.99887486317	0.998871499914
75	0.264314563427	0.998877087959	0.998884678964
80	0.264314563427	0.998879409291	0.99888940013
85	0.264314563427	0.998882335977	0.998870328579
90	0.264314563427	0.998886100728	0.998895480395
95	0.264314563427	0.998890644871	0.998879999215
100	0.264314563427	0.99889597244	0.998906559068
