2	0.540148594296	0.544192815027	0.581405492372	0.674782592831	0.647378299452	0.64252694998	0.674833900312	0.673140157357	0.66684882124	0.658021586529	0.67230682114	0.663552054485	
4	0.456517287682	0.590360751096	0.550209003649	0.57740696989	0.565400885078	0.573860325493	0.566117829489	0.673335637308	0.669463432465	0.6549280241	0.650589318599	1.14788027076	
6	0.409463328287	0.495360363953	0.51673176313	0.511404168218	0.50284004112	0.623086967475	0.609267054752	1.13974868338	1.11067537071	1.07366447997	1.03712891592	1.00978199585	
8	0.499702178347	0.484263089561	0.477246869435	0.604885956813	0.584976041916	1.13977943504	1.09759850753	1.04721989624	1.01288054391	0.981513025354	0.951681516268	0.922430325641	
10	0.425567517732	0.422344226084	0.429375494619	0.556365372135	1.12898539586	1.07666920781	1.0208035934	0.975784021192	0.936524805764	0.90532275517	0.887006636409	1.86897864126	
12	0.4023069797	0.416373594137	0.558425389446	1.13571926024	1.07516701558	1.01310077819	0.965246630983	0.922809097764	0.898943529131	1.87607755117	1.82170353618	1.78235125518	
14	0.41119821064	0.392913496096	0.539726753903	1.10825068594	1.03192224276	0.973218273234	0.923346609067	1.33656517068	1.85910021103	1.81366807948	1.76312962787	1.70038979224	
16	0.396807528477	0.561408363132	1.18475800438	1.08724010368	1.01354157359	0.956121166259	1.37303027955	1.88106612488	1.83045929676	1.76127192908	1.6954212806	1.64362629302	
18	0.373095030558	0.533570717736	1.14091821518	1.04272283478	0.969913795816	0.922967627978	1.88082039415	1.82394463336	1.74978044709	1.68575243279	1.6318787259	1.57324672791	
20	0.34207653097	0.522920164576	1.12956614696	1.02070815536	0.952105597873	1.9442703215	1.8530018975	1.78357361387	1.71092011887	1.65079360126	1.58769517807	1.544529704	
22	0.356616375894	0.523206717515	1.09488066766	0.999486711172	0.934025131969	1.8748169982	1.79970594169	1.71735037551	1.65290234608	1.58073371301	1.53682558539	1.48845322481	
24	0.33844681717	1.19275782391	1.06263796859	0.973670486527	1.93041977445	1.83029987202	1.73177655651	1.66695023613	1.59666680849	1.54490692992	1.49666063866	1.46106711668	
26	0.34081154675	1.18986162608	1.0484845677	0.956137169866	1.88868567421	1.79313477935	1.70982189565	1.6413609089	1.56408263514	1.51857390118	1.47099513341	1.43856110398	
28	0.334792636726	1.17249890879	1.04196047545	1.41788804772	1.87650404689	1.76393663458	1.69265263402	1.60637965181	1.54735192464	1.50125109535	1.45900117095	1.423452029	
30	0.326403729787	1.15418535268	1.02038763408	1.96972986377	1.83451619456	1.74029228932	1.66203394002	1.58316384872	1.52970160756	1.48845577931	1.45280158452	1.42126044996	
32	0.558181081866	1.14617479726	1.01896564198	1.92730012812	1.8042615783	1.703750958	1.62053239116	1.55487107521	1.50222884811	1.47210230271	1.43240667378	1.55901752904	
34	0.547109882169	1.1393766077	1.002235525	1.88458469217	1.75494168003	1.68034539369	1.58773665057	1.53130125715	1.4799360046	1.4426791165	1.39284938938	1.52867279062	
36	0.516279436709	1.09653969847	0.979394798654	1.86181057879	1.74385265056	1.64757820562	1.57492176941	1.51744130663	1.47442959263	1.43132728991	1.55429862288	1.51025208689	
38	0.512405354979	1.09183510501	1.4360995536	1.85250859028	1.73410197274	1.6406228166	1.5638613168	1.50932112889	1.46307137557	1.58037063204	1.5361318324	1.48370098457	
40	0.513727164355	1.066014557	1.96430906522	1.79931089197	1.6917068324	1.60359338111	1.54269840944	1.4962179958	1.44367457887	1.5590062081	1.50574349068	1.46338051044	
42	0.526829105845	1.08930817244	1.98054716642	1.80386555505	1.70723308645	1.60777213804	1.53887449247	1.48420532329	1.60075883694	1.5493678708	1.49585369164	1.44406146675	
44	0.510565078543	1.04906368618	1.86568925579	1.74081728055	1.63312424533	1.56005937037	1.50250797632	1.45146097672	1.55990453959	1.50555575004	1.45731436412	1.42309367885	
46	0.523271924034	1.07930101972	1.90305844898	1.76788733619	1.65857485702	1.5822153129	1.51879108001	1.46005095077	1.56544797421	1.50951927332	1.45826705653	1.43083694535	
48	1.26662750147	1.06506571618	1.89094191032	1.73703559822	1.63338082387	1.55914530741	1.49300916362	1.59750373662	1.5385826199	1.48050100717	1.44057156708	1.40958456907	
50	1.25148690665	1.04622264829	1.81645070531	1.69937357231	1.59750531564	1.52948828178	1.46933890841	1.56875626823	1.49367553983	1.4487850656	1.42116124076	1.38586150921	
52	1.24669206621	1.04423654853	1.8363319954	1.71643902627	1.61375622312	1.53696652336	1.4638037006	1.56526418656	1.4976779883	1.44498542929	1.41905610059	1.38275991374	
54	1.22766115917	1.02359555113	1.79976691062	1.67454606716	1.58983677325	1.52050882076	1.60115849888	1.54449179302	1.48149962553	1.43909555242	1.40501534142	1.37703196757	
56	1.24501967175	1.47253726816	1.78102534412	1.67488907652	1.58825231193	1.50758032121	1.59437952538	1.51715213063	1.45715404662	1.4269491565	1.39373851841	1.35669126842	
58	1.22847497623	1.46885287122	1.77438858841	1.66440728683	1.57848936146	1.50547333198	1.59442966801	1.51714879502	1.46029877358	1.42786664762	1.38904927661	1.35480091933	
60	1.23818111186	1.9958009889	1.78931169509	1.6632725122	1.57876840065	1.49929492636	1.58113254953	1.50697990836	1.4597382652	1.42615705992	1.38931708631	1.35057730189	
62	1.2146789306	1.97249584722	1.78286636277	1.66269070204	1.58040025972	1.47776449606	1.56723851075	1.49561982365	1.45032028761	1.41631292424	1.37456268823	1.33360756396	
64	1.18992804936	1.90925227259	1.71974929365	1.61449064281	1.53648967827	1.60313048722	1.52606449565	1.46740253205	1.43169747315	1.39412024289	1.35174180566	1.30943492828	
66	1.16757712993	1.85878398449	1.74080593223	1.62908385132	1.54051587733	1.60502090254	1.52878491707	1.4699919091	1.43114343875	1.39808749213	1.35547869052	1.3971615584	
68	1.1996932691	1.85778116358	1.7231414709	1.61076726821	1.51717385097	1.5936773159	1.50344820482	1.45641225744	1.41885582114	1.38078001571	1.33796059778	1.37528634636	
70	1.15070758323	1.84521354139	1.70434443129	1.60048556707	1.50682998403	1.57368655008	1.4892194875	1.44745456455	1.40810676835	1.36570280116	1.32211262497	1.3608919966	
72	1.14742030962	1.84841787609	1.68732164631	1.59170667265	1.50319859655	1.5689505059	1.48688805793	1.45001988073	1.40779340857	1.36331810227	1.397191086	1.36015093545	
74	1.15135364669	1.83109791255	1.69667105798	1.59874384357	1.4931663764	1.56728816968	1.48587609228	1.44934627705	1.41107366084	1.36214521721	1.39758554291	1.49346966117	
76	1.1622261722	1.82788906228	1.69120944739	1.59009292261	1.62735241039	1.53780433666	1.47244567805	1.43632523568	1.39023744061	1.33958440848	1.37444181314	1.47642522725	
78	1.15704529427	1.82327522537	1.6906117683	1.59525606906	1.62622536974	1.53453580773	1.4758734257	1.43349919996	1.38095716197	1.33659483671	1.37161827798	1.46848963863	
80	1.13450859997	1.79230259498	1.6595318882	1.56718930133	1.60924816807	1.51936905212	1.46954286132	1.42151942626	1.37315093564	1.40411816012	1.36090042264	1.45371872914	
82	1.14307578261	1.80225489087	1.66766503153	1.5568053666	1.60517457733	1.50704921738	1.4577921353	1.41581169732	1.36328500201	1.38918337417	1.48423650612	1.44408190465	
84	1.1451219166	1.78408798302	1.65643819139	1.55411364681	1.60005321585	1.49800739383	1.45861428164	1.41074411137	1.35282302902	1.38349024995	1.47911359904	1.44004766895	
86	1.1297551729	1.77447634381	1.65801559018	1.54721205538	1.58886156737	1.4973276865	1.45608059756	1.40937508084	1.35379881973	1.38562648969	1.47584220283	1.54155712097	
88	1.10146562978	1.74640382657	1.62596253321	1.50700049586	1.55560178941	1.47787212162	1.43618736052	1.38190874761	1.41112611894	1.36657563296	1.45677626158	1.52174729537	
90	1.12181162153	1.77096416995	1.64235935939	1.52681998399	1.55520987029	1.48584937521	1.44020862525	1.38823559178	1.4114245295	1.49788814399	1.45419916289	1.5229228139	
92	1.15470695278	1.75126595079	1.63675157861	1.50644043517	1.55054128372	1.48367290954	1.43230320085	1.37257500639	1.39407304752	1.48843257602	1.44391571607	1.51191698487	
94	1.11836797622	1.74332671617	1.62444486269	1.63597578819	1.54406067933	1.48083322437	1.43309379916	1.37036072907	1.39295002262	1.48329850393	1.54431538157	1.51151465434	
96	1.13365832949	1.73885290758	1.62381608228	1.63259357835	1.52990183017	1.47258713132	1.41603330985	1.35191940726	1.38226402211	1.46571882652	1.53108191129	1.48976521354	
98	1.11570438945	1.72242183021	1.60616215253	1.62484307145	1.52505645844	1.47429011441	1.42008318655	1.43265907979	1.51410041929	1.46717071094	1.53075019436	1.49108724188	
100	1.12731040699	1.70446131954	1.59562148042	1.5965273536	1.49008324782	1.44476560212	1.3856492618	1.4043046316	1.48676729604	1.44138507819	1.51273447369	1.47500838607	
102	1.12465278549	1.71631535859	1.60310528238	1.6133507363	1.50540290231	1.46420212616	1.40250245691	1.42206381789	1.50736752027	1.4572393407	1.5242018968	
104	1.11772083296	1.71259351249	1.60691910192	1.59805739677	1.49461944499	1.44614633636	1.38747644937	1.39862392245	1.48105265278	1.53622383202	1.49669637166	
106	1.09273407452	1.69641803188	1.58591643868	1.59089641136	1.50144725778	1.45135806379	1.3904585535	1.39946812491	1.4805456495	1.53936937079	1.49835132579	
108	1.06929866629	1.66018645113	1.56189687925	1.56853884545	1.47796906626	1.4351022225	1.36775075927	1.38838489498	1.46631261151	1.52809887788	1.4879005392	
110	1.0617660584	1.69085462132	1.57280533703	1.5719375813	1.48864057939	1.44038424195	1.37079269063	1.39022457823	1.46483815603	1.52953877629	1.48408361368	
112	1.49805869196	1.69739367133	1.56149438983	1.55524781008	1.48396980906	1.43241766484	1.43825413741	1.51322035755	1.4617548643	1.5241650725	
114	1.49092195029	1.69465593292	1.55230875182	1.55123263344	1.48648979562	1.42689216366	1.43230990251	1.50480018838	1.55354399833	1.5059711006	
116	1.46820448765	1.68624684811	1.55169583361	1.55036274808	1.47862722111	1.41329211444	1.41832251324	1.49329093459	1.54448297755	1.50181258138	
118	1.45590377356	1.67374698068	1.53807242499	1.53315446194	1.46943907846	1.4038244196	1.4114757404	1.48767134905	1.53857305197	1.49368839226	
120	1.86641257622	1.66606389397	1.53451871613	1.53351728229	1.47180718034	1.40592339588	1.40400432193	1.4805566313	1.53477487347	1.49150652757	
122	1.84600732876	1.66206879547	1.50627835385	1.5274859311	1.47296780926	1.40585955598	1.40107335706	1.47762061331	1.53851720232	
124	1.85981642121	1.66645529274	1.49269516186	1.51787477812	1.45973846504	1.38731711079	1.39635815472	1.4622363984	1.52542350587	
126	1.84584179941	1.65464972379	1.61705933927	1.49670605974	1.45185017579	1.37506453858	1.51108202957	1.4555063493	1.51052334339	
128	1.86383997782	1.65715607411	1.61730877873	1.50680246879	1.45544833708	1.37551005725	1.51913803013	1.56029608844	1.50596361279	
130	1.7475427664	1.63864691809	1.59757608447	1.48894465657	1.44027364646	1.35560506244	1.50033768127	1.53838892062	1.49573643686	
132	1.72332867637	1.63868534887	1.60178389994	1.49335629626	1.44440709137	1.43443824577	1.49832814724	1.54231824476	1.49076066464	
134	1.74917935948	1.65705017679	1.61678980165	1.49503363934	1.44619810412	1.43563173779	1.50117939179	1.55145118256	1.4970407449	
136	1.72273992625	1.61410469654	1.58592404645	1.48080880361	1.42695680286	1.41081907522	1.47360432954	1.5233022251	
138	1.74913037078	1.63747534445	1.59018285264	1.49126148705	1.41925832261	1.4079358094	1.47408833531	1.52796973094	
140	1.7483336043	1.63904015142	1.58920937691	1.48858003889	1.41859388881	1.40826144421	1.47442823124	1.53398718425	
142	1.73974680333	1.63112915736	1.5755199139	1.48960638029	1.4151533517	1.40478652229	1.47079755774	1.51511117306	
144	1.73497555963	1.61573356295	1.5715466227	1.48876327086	1.41778123768	1.40838203701	1.46820217949	1.51173710438	
146	1.71753145975	1.60588130546	1.56204882097	1.47989452058	1.40665701601	1.40140992364	1.55755347254	1.50240014304	
148	1.70560644106	1.6156921773	1.55986643905	1.47648405517	1.40015936114	1.51800626549	1.54962801282	1.50000182754	
150	1.67298801052	1.6000250887	1.52111125258	1.45938192779	1.37430774113	1.48798792596	1.53041358378	1.48611851246	
152	1.71781693684	1.62710637912	1.54194686128	1.47628639078	1.38200893812	1.51532857283	1.54727014545	1.49165395931	
154	1.71428540041	1.62251565897	1.54094100438	1.46765542128	1.37643652803	1.49606787767	1.53547237644	
156	1.71579866138	1.63601737392	1.54603757615	1.4723124778	1.38011537001	1.49786046363	1.53639596969	
158	1.68397898746	1.58527810208	1.50760911775	1.44776874315	1.4321372828	1.47953473755	1.52181156397	
160	1.68891239034	1.5817084404	1.51917256513	1.449106028	1.42441180695	1.47513541166	1.5272801528	
162	1.68181130283	1.56397655153	1.50338071423	1.44633117699	1.42174887669	1.47081361878	1.51160782451	
164	1.68751408351	1.57211590576	1.52245368829	1.45850874311	1.41964633208	1.46981056269	1.50886671043	
166	1.67020084337	1.57583418147	1.51117095988	1.45533793929	1.41872665466	1.46873136973	1.50898504329	
168	1.65788812866	1.5599080767	1.4920984549	1.44001238791	1.40417919403	1.45793959173	1.49344589964	
170	1.67170435161	1.54308188746	1.49477429451	1.44206159856	1.40294140696	1.46091595755	1.49476972627	
172	1.66844227389	1.54456750462	1.50266529035	1.44983518357	1.41732617818	1.55270797201	1.50275204811	
174	1.68747860099	1.53455381623	1.492086741	1.42947124372	1.40150536238	1.54282838956	1.4850096009	
176	1.67905683372	1.51494630337	1.483398206	1.41370757013	1.39433903684	1.53539960028	
178	1.66236828233	1.51453598178	1.46967834901	1.39881791961	1.4977845536	1.52574694121	
180	1.66407157756	1.50922547029	1.48064217994	1.41473536944	1.50421278786	1.53069298029	
182	1.66997886744	1.49788456121	1.47566037499	1.4065864754	1.50048272316	1.52481380264	
184	1.64744016692	1.47850260625	1.47870638049	1.40191401783	1.5028238601	1.53033604167	
186	1.65442788193	1.4835242481	1.48512362774	1.40000268208	1.50358586639	1.53589499142	
188	1.63676439176	1.58025034019	1.48333426177	1.38678833732	1.48113560723	1.51838572242	
190	1.65760225204	1.58334436558	1.48217083298	1.37491737081	1.47298302263	1.50495664366	
192	1.63440244619	1.57354110499	1.47862620067	1.37401015046	1.47337801922	1.4976724215	
194	1.67217987072	1.58391256953	1.48481004557	1.38724666954	1.47967711352	1.50172147538	
196	1.67237661842	1.58618217164	1.4928845213	1.44951403757	1.47795999998	1.50385768463	
198	1.61124306205	1.54695564863	1.45493312999	1.41700471314	1.45134830217	1.47867400664	
200	1.66564754263	1.57543404747	1.4657484432	1.41427211186	1.45100172408	1.48846329911	
