5	0.142278928454	0.893368469683	0.892289010904
10	0.142278928454	0.930832245753	0.931466562179
15	0.142278928454	0.945249796285	0.945671212168
20	0.142278928454	0.953306489881	0.953431771044
25	0.142278928454	0.95830432091	0.958352825989
30	0.142278928454	0.961409092298	0.961662451912
35	0.142278928454	0.963398459291	0.963654592224
40	0.142278928454	0.964680295738	0.964989004989
45	0.142278928454	0.965483681012	0.965549950371
50	0.142278928454	0.965942428438	0.965998463111
55	0.142278928454	0.966199130665	0.966429315792
60	0.142278928454	0.966336179456	0.966394243898
65	0.142278928454	0.966412010355	0.966273551414
70	0.142278928454	0.966456940652	0.966406844658
75	0.142278928454	0.966490120251	0.966603577492
80	0.142278928454	0.966524774693	0.966674336159
85	0.142278928454	0.966568517482	0.966389415047
90	0.142278928454	0.966624870462	0.966765686328
95	0.142278928454	0.966693016817	0.966533587212
100	0.142278928454	0.966773089829	0.966932781616
