5	0.00323281265619	0.841885083798	0.845587733122
10	0.00323281265619	0.883373980777	0.883383842027
15	0.00323281265619	0.913377454893	0.913431396533
20	0.00323281265619	0.932075092224	0.932029392739
25	0.00323281265619	0.938735964271	0.938127054641
30	0.00323281265619	0.946803828357	0.946822956625
35	0.00323281265619	0.946884267876	0.946887086719
40	0.00323281265619	0.946902132459	0.946904575206
45	0.00323281265619	0.946910218534	0.946911534872
50	0.00323281265619	0.946914731692	0.946912851209
55	0.00323281265619	0.946917364367	0.946916800223
60	0.00323281265619	0.946919056802	0.946918868753
65	0.00323281265619	0.946919997043	0.946921125332
70	0.00323281265619	0.946920749236	0.946917928512
75	0.00323281265619	0.946921125332	0.946920373139
80	0.00323281265619	0.946921689477	0.946924322153
85	0.00323281265619	0.946922065574	0.946922065574
90	0.00323281265619	0.94692244167	0.946922253622
95	0.00323281265619	0.946922817767	0.946922629718
100	0.00323281265619	0.946923193863	0.946924510201
