5	0.00298050286178	0.786214927726	0.786281964815
10	0.00298050286178	0.856453590054	0.855544226685
15	0.00298050286178	0.878959357987	0.878978180682
20	0.00298050286178	0.89606614269	0.896099564763
25	0.00298050286178	0.912731151473	0.912917749114
30	0.00298050286178	0.913272400399	0.913274544214
35	0.00298050286178	0.913305843911	0.913316134222
40	0.00298050286178	0.913341431236	0.91335470145
45	0.00298050286178	0.914109988848	0.91413022646
50	0.00298050286178	0.914327586052	0.914334424821
55	0.00298050286178	0.914404334622	0.914486614235
60	0.00298050286178	0.914435634318	0.914414624933
65	0.00298050286178	0.914459216281	0.914430446287
70	0.00298050286178	0.914481940718	0.914392758022
75	0.00298050286178	0.921758476965	0.921806048216
80	0.00298050286178	0.921800495736	0.921825363988
85	0.00298050286178	0.921817646254	0.914511289543
90	0.00298050286178	0.921829222854	0.921840349253
95	0.00298050286178	0.921837798114	0.921831366669
100	0.00298050286178	0.921844658321	0.92185149709
