5	0.0322443916977	0.454714186283	0.45752949155
10	0.0322443916977	0.572626844895	0.580349972338
15	0.0322443916977	0.623570039084	0.623467420984
20	0.0322443916977	0.624462370389	0.624489140328
25	0.0322443916977	0.625042385737	0.624890689415
30	0.0322443916977	0.652276337158	0.655234415434
35	0.0322443916977	0.678145021684	0.682816376064
40	0.0322443916977	0.686318776435	0.686693555583
45	0.0322443916977	0.689914871594	0.689981796441
50	0.0322443916977	0.709572930238	0.714226437992
55	0.0322443916977	0.720039976442	0.726125675941
60	0.0322443916977	0.727856798672	0.723564685096
65	0.0322443916977	0.764370995663	0.777341031178
70	0.0322443916977	0.797485410383	0.798275123588
75	0.0322443916977	0.799867934967	0.800247175771
80	0.0322443916977	0.801099352167	0.801309050024
85	0.0322443916977	0.801706137455	0.80186675709
90	0.0322443916977	0.802036300037	0.802098763229
95	0.0322443916977	0.802259382864	0.80227722949
100	0.0322443916977	0.802411079185	0.802330769368
