5	0.00505163787975	0.841885083798	0.841897743206
10	0.00505163787975	0.883373980777	0.883332939247
15	0.00505163787975	0.913377454893	0.913364663851
20	0.00505163787975	0.932075092224	0.932202400888
25	0.00505163787975	0.938735964271	0.939304105042
30	0.00505163787975	0.946803828357	0.94680395811
35	0.00505163787975	0.946884267876	0.946885208117
40	0.00505163787975	0.946902132459	0.946902694724
45	0.00505163787975	0.946910218534	0.946910030486
50	0.00505163787975	0.946914731692	0.94691491974
55	0.00505163787975	0.946917364367	0.946919054921
60	0.00505163787975	0.946919056802	0.9469213115
65	0.00505163787975	0.946919997043	0.946916800223
70	0.00505163787975	0.946920749236	0.946920747355
75	0.00505163787975	0.946921125332	0.946922817767
80	0.00505163787975	0.946921689477	0.94692243979
85	0.00505163787975	0.946922065574	0.946922253622
90	0.00505163787975	0.94692244167	0.946923381911
95	0.00505163787975	0.946922817767	0.946924510201
100	0.00505163787975	0.946923193863	0.94692563849
