5	0.0301897270837	0.738926326624	0.740076891655
10	0.0301897270837	0.813103610821	0.813444168763
15	0.0301897270837	0.848332116269	0.848628585861
20	0.0301897270837	0.868959653778	0.869918119943
25	0.0301897270837	0.881064342646	0.881060846405
30	0.0301897270837	0.888340124408	0.887925625898
35	0.0301897270837	0.893138065187	0.894151070861
40	0.0301897270837	0.896548776118	0.897231517369
45	0.0301897270837	0.8990568898	0.899368544358
50	0.0301897270837	0.900918189706	0.901740551944
55	0.0301897270837	0.902345130629	0.903195872288
60	0.0301897270837	0.90349464485	0.90345598595
65	0.0301897270837	0.904478108895	0.904424471462
70	0.0301897270837	0.905361103699	0.90527012945
75	0.0301897270837	0.906183848545	0.906871685542
80	0.0301897270837	0.906976425608	0.907054103489
85	0.0301897270837	0.907758011052	0.907959567804
90	0.0301897270837	0.908544586101	0.909091729846
95	0.0301897270837	0.909331952978	0.909132284969
100	0.0301897270837	0.910120223328	0.910792412271
