1258427
1142225
2380795
3040268
3040268
381541
202512
770649
10000
20000
125135
3040268
2606900
3040268
2879889
2597827
298779
1277187
3040268
2045254
2717025
3040268
3040268
1261006
1724275
1944384
1258427
1269725
1424697
3040268
2878058
3040268
3040268
2874153
1570042
2284350
3040268
2839462
3040268
3040268
1417163
1314000
1774970
1142225
1148397
1233333
3040268
2606900
3040268
2948685
2599221
1331849
2152234
3040268
3040268
3040268
2405708
2560646
2392219
2380795
2388457
2487383
3040268
3023479
3040268
3040268
3040268
2699354
2400841
3040268
3040268
3040268
3040268
3040268
3040268
3040268
3040268
3040268
3040268
3040268
3040268
3040268
3040268
3040268
3040268
3040268
3040268
3040268
3040268
3040268
3040268
3040268
3040268
3040268
3040268
3040268
3040268
3040268
3040268
3040268
1132504
381541
396010
544080
3040268
2730155
3040268
2931126
2723150
692756
1335068
3040268
1184533
202512
217400
380034
3040268
2669554
3040268
2879889
2662470
478109
1859741
3040268
770649
783829
918088
3040268
2712995
3040268
2997480
2706723
1108721
1689295
3040268
20000
125135
3040268
2606900
3040268
2879889
2597827
298779
1277187
3040268
136133
3040268
2607344
3040268
2880003
2598291
312491
1289912
3040268
3040268
2641044
3040268
2891362
1682342
2332456
2421346
3040268
3040268
3040268
3040268
3040268
3040268
3040268
3040268
3040268
1345534
2244223
191724
2891535
3040268
3040268
3040268
3040268
3040268
3040268
2134234
1264534
2133223
3040268
3040268
3040268
3040268
2234213
3040268
3040268
