2	0.415995009927	0.389830831891	0.421212559129	0.416041320155	0.395808283525	0.400451842852	0.410062017136	0.404298827297	0.411601308549	0.409834779012	0.408011784732	0.417418512822	
4	0.464825288421	0.510562107001	0.486258024267	0.495413021857	0.504417077025	0.514999898998	0.548107517057	0.548278508746	0.549351140126	0.556011782102	0.555770362592	0.553997163047	
6	0.630602605726	0.567316592935	0.586100987631	0.601132541647	0.634643148042	0.632861146531	0.641482959056	0.642104011699	0.619835052131	0.633856446969	0.635026420362	0.625416770763	
8	0.704298885956	0.654025780389	0.689611268089	0.726518959804	0.732094222127	0.730875323845	0.70367706723	0.725345329613	0.713798497843	0.713458818523	0.7146742661	0.713451458284	
10	0.700765812974	0.739470212512	0.776014446591	0.787794421611	0.776670903286	0.770247955158	0.77276770716	0.770298125222	0.769590723577	0.76617251266	0.762103445422	0.77076435322	
12	0.819641536232	0.853881695247	0.880907822008	0.876719526338	0.870155415471	0.853080001947	0.858461561898	0.852494526077	0.838524637213	0.856044476003	0.855201576146	0.867545820207	
14	0.909147924094	0.954545454545	0.943178095089	0.896548828594	0.924148709267	0.921745146842	0.907436626694	0.898966769661	0.905717077793	0.911053026945	0.923635401023	0.912907963833	
16	0.975171892273	1.00953865692	0.977030251417	0.984774299767	0.966595642562	0.963820630781	0.957076910412	0.964918414899	0.983111050801	0.977250125019	0.961631914842	0.94875349486	
18	0.942583999533	1.03065004616	0.991223187765	1.00126635621	0.990832807	0.969892624102	0.991076062209	1.00493488923	1.00018907666	0.985889247391	0.971880557325	0.975841304654	
20	1.02337163535	1.10988978825	1.06910479693	1.05786351595	1.04450918869	1.05518605203	1.05463368633	1.05198236651	1.0312812076	1.00607732265	1.00745975358	0.998009075485	
22	1.08172375784	1.15188746244	1.13686802694	1.11285433787	1.08368510803	1.10325045554	1.12742499432	1.0954040714	1.05450257424	1.05774287837	1.04013639296	1.042631731	
24	1.14309153836	1.15583000583	1.11218698416	1.12053273188	1.14840253854	1.15690785358	1.13056811982	1.10375369475	1.08941495856	1.07061327146	1.06646980673	1.07879173037	
26	1.17748638613	1.14122323038	1.18073080178	1.13642796054	1.1603415245	1.17991122599	1.1477615854	1.13163503894	1.11325457762	1.11529706001	1.12701664426	1.15500277527	
28	1.20878422307	1.09241948488	1.16173336071	1.12244095263	1.15260937148	1.14398671509	1.10596601106	1.10812379336	1.10969839615	1.12382995439	1.13754779461	1.14008865322	
30	1.16487133477	1.20134541804	1.18315096796	1.20499594186	1.21700597884	1.18095740315	1.15110779099	1.13826273911	1.15242332633	1.17019523488	1.17700623658	1.1641175357	
32	1.25259654703	1.24063642312	1.22848241111	1.26402290108	1.2500360111	1.23519151476	1.20427808844	1.19779783567	1.21992915647	1.24331489223	1.22543573953	1.21442437598	
34	1.21384615853	1.24434985971	1.21448352988	1.25685380957	1.25214544663	1.21891302771	1.20644488967	1.22365989785	1.25040683878	1.24122281979	1.25027529966	1.24453225207	
36	1.23371565925	1.2592226339	1.18808434948	1.26378066627	1.25321315744	1.23348868921	1.22140767867	1.24151138767	1.25040683878	1.24738579841	1.23819710778	1.22904005455	
38	1.23430057843	1.28622408521	1.23984185117	1.26811076603	1.25516533339	1.20905847646	1.25008243967	1.27058553535	1.28207689404	1.2618757272	1.27338327804	1.25304578302	
40	1.24059554087	1.28951295064	1.27498117389	1.23503314165	1.22942133468	1.24866348346	1.2604502648	1.26929647744	1.26157527649	1.26618116063	1.24685916481	1.2351619327	
42	1.35897283713	1.42435003983	1.38252856831	1.37071857745	1.3562961758	1.31908452169	1.34550931644	1.33707648745	1.30793790404	1.32138266972	1.29416586686	1.29530425428	
44	1.25110058772	1.26289281243	1.27066255683	1.31067674841	1.28074436265	1.28231535831	1.32421659566	1.31751704672	1.31243657493	1.28875408778	1.28076251413	1.28527892298	
46	1.34262800744	1.35829053364	1.32466067275	1.35064920932	1.29927498186	1.30289389393	1.31000322959	1.30737502095	1.32842508921	1.30651565301	1.30498371073	1.301300959	
48	1.38559490682	1.34752248866	1.34394781636	1.32969593412	1.34731361075	1.35768252181	1.33840893937	1.31633048845	1.3041154044	1.30907940383	1.30978751165	1.30580353249	
50	1.32252853518	1.28905007916	1.27567370153	1.2615753202	1.250332691	1.25970356182	1.27562833626	1.26752556832	1.25862954867	1.26672432752	1.28744267854	1.29204648995	
52	1.38650403792	1.36239629415	1.41850675018	1.397350991	1.3540067482	1.37782302628	1.35236852275	1.33970133079	1.34002774702	1.33466716089	1.32743475581	1.32557949282	
54	1.35567601362	1.33920601888	1.3589783408	1.34788796119	1.32204805177	1.34059228291	1.33280433141	1.30630458106	1.32378796517	1.32663526536	1.32025549925	1.30016641532	
56	1.48295455142	1.33897981352	1.38913192318	1.39108104455	1.3874488233	1.39254369965	1.37319951251	1.35847709914	1.35882962221	1.34938672475	1.32819097784	1.3083266985	
58	1.41666666667	1.35926497196	1.42540858666	1.35860431753	1.36926588433	1.35529646113	1.36114992438	1.34737160943	1.36967764486	1.36587075073	1.34170366798	1.32537881463	
60	1.45664257238	1.4248870237	1.42440572917	1.36085809845	1.37247943236	1.36175753433	1.34943100028	1.33993852778	1.32522506041	1.32274939246	1.33027285361	1.32807405734	
62	1.46628782986	1.2652402292	1.35113814466	1.42099495829	1.41709057763	1.38330457456	1.35583117253	1.3873318509	1.36834736471	1.36081570516	1.34067689368	1.34784269161	
64	1.2923302246	1.44879860047	1.49471300509	1.43959911612	1.42776282443	1.38431716407	1.35804536037	1.35764594249	1.34660718052	1.33141181703	1.31515453183	1.31534506091	
66	1.3152946438	1.33966633836	1.40288545694	1.36097608986	1.34419360333	1.36049757236	1.32131672327	1.29354056979	1.28183289901	1.24376965656	1.24664418069	1.24447746956	
68	1.00970749287	1.01052089089	1.30569668022	1.26091030035	1.2316874582	1.2754775969	1.29116438374	1.26806176029	1.2719748913	1.30635981403	1.31184411107	1.29952493179	
70	1.45764074905	1.40023335793	1.3483596411	1.31271818265	1.31526400559	1.30355227975	1.29234843362	1.2849816382	1.26441377276	1.2534364269	1.25303766831	1.24855365829	
72	1.50437957136	1.42087749381	1.47443656779	1.4188953905	1.37354064011	1.30979632128	1.28915665801	1.27003475668	1.23617129485	1.23625912358	1.24812043032	1.25028613726	
74	1.17049798752	1.0323269215	1.35127372738	1.3156276316	1.33715038853	1.2867771476	1.35631509862	1.33659396815	1.2849474794	1.2928920909	1.29331668141	1.30162399797	
76	1.44438925868	1.26877164124	1.4271731908	1.38777733298	1.39563472704	1.40862024945	1.37591415546	1.34485815247	1.31914417371	1.30748146834	1.30862949928	1.28525985315	
78	1.07373602562	1.20008358762	1.40838172902	1.33911013859	1.28950489941	1.26379100068	1.2372534432	1.23292852014	1.21333242412	1.21431142273	1.20476146248	1.19350690757	
80	1.03252879015	1.04706673311	1.32907756611	1.25052789588	1.27794148393	1.29689902072	1.26811297373	1.27805987598	1.26451330484	1.25616771516	1.24912277588	1.23393918391	
82	0.724094903362	1.2224283479	1.31201576775	1.2327320328	1.17643736078	1.26678463573	1.24533404421	1.21663588968	1.20308993691	1.19661534612	1.18423801468	1.16555259409	
84	1.10981983201	1.02473007635	1.30995279738	1.2820121442	1.24088371234	1.21268453382	1.1842157168	1.15523483622	1.19350414067	1.19986406244	1.17757706877	1.16864412567	
86	1.59604644322	1.39399185665	1.29861562788	1.23576709601	1.20446673824	1.16027264498	1.14696387214	1.12012150911	1.12851628661	1.13247609378	1.12273726662	1.12640808851	
88	0.424083645966	0.734907185716	1.08459175993	1.04412514997	1.09377807574	1.08717020662	1.09383023732	1.081685778	1.07591224268	1.06971437215	1.06662695316	1.07677311294	
90	0.687184270936	1.16402344131	1.18141369643	1.13877907648	1.14424973077	1.10709203527	1.1154832452	1.12985073758	1.13524196196	1.10799215515	1.09194959297	1.10289704034	
92	0.938875864677	0.897869560676	1.13350361655	1.10604620295	1.06874796946	1.02626858282	1.04625956016	1.06760504846	1.06447911504	1.04097919852	1.02244084909	1.11492716806	
94	0.717740562565	0.839095723176	0.830349083584	0.928163809235	0.975034707379	0.957620507841	0.921034886459	0.947808490482	0.942366284589	0.921895021665	1.01124985173	1.01473815987	
96	1.07173725995	0.976407261606	1.04377707547	1.02935898322	1.03514418295	0.996898405483	1.02861203349	1.02209054392	1.02562229547	1.0015704357	1.01863193155	1.02516275075	
98	0.692430447994	0.969963093301	0.958909246434	1.05828402753	1.07447862194	1.03692136803	1.03052347477	1.00326338934	0.991952442759	0.994462276718	1.04967685794	1.02959968534	
100	1.08823529412	1.01630309077	1.05446773305	1.00762399855	1.00189143057	0.991308906323	0.982261095977	0.96075660141	0.993808004838	0.974705827537	0.999245957654	0.985570649769	
102	0.634871029808	0.774529497003	0.935312083206	1.06542229834	1.03525873912	0.981439434698	1.01466931367	1.08605114841	1.05919984797	1.0435856086	1.07449170377	
104	1.06817763514	0.987628147852	0.882662280926	0.921392497555	0.856463162848	0.858445977745	0.875120544083	0.872342479116	0.906247538432	0.943935394221	0.92375966248	
106	0.460146383097	1.28886760306	1.13282071516	1.12012882263	1.09514323762	1.03387285954	1.02165343654	1.04572331011	1.04104126214	1.06236467583	1.03571810697	
108	0.974273666888	0.866879051507	0.809666711219	0.965711984908	0.998756328914	0.981782079879	0.946958201054	0.955197578546	0.928709946177	0.997817749849	0.983290455954	
110	0.407407407407	0.715655678818	0.658108226307	0.923076923077	0.971734166452	0.995425272164	1.00890207545	1.02750454766	1.02669570591	1.07471623023	1.05322043027	
112	0.692430447994	0.732742151593	0.665552864665	0.867023704293	0.814528628736	0.799034415339	0.765847114707	0.741817341904	0.72547625011	0.813202182386	
114	0.694859975114	0.800883350691	0.943144016167	0.924440468496	0.863994204858	0.830852583557	0.798595956417	0.807960714873	0.89272603051	0.933148634654	
116	0.692430447994	0.687184270936	0.754682457865	0.710419614351	0.833268226623	0.855427041929	0.851998270304	0.87806222831	0.944776286452	0.980389385072	
118	0.976281209488	0.840553688085	0.75154162547	0.682112730989	0.635494435461	0.648771519793	0.870985841631	0.840820484962	0.913547235572	0.896172108604	
120	0.527484777268	1.08830833814	1.01630309077	0.989346364209	0.936703787214	0.898168199392	0.862480232837	0.831887392824	0.820531049806	0.859232942804	
122	0.416597790451	0.641879671344	0.796784274199	0.818779579618	0.766086586261	0.750531392751	0.76233813234	0.739390555669	0.738494399808	
124	0.963522005793	1.15597284656	1.03277635901	1.06904496765	1.01459608354	0.961534458799	0.977294208391	0.958928736572	1.00259209166	
126	0.407407407407	0.719898854401	0.809419981346	0.814861951499	0.766260290206	0.806794090454	0.769262554969	0.74698232025	0.850332132272	
128	0.137254901961	1.05052701817	0.933186409025	0.844319607009	0.858949712439	0.875173113069	0.837484166936	0.809790380311	0.89373169646	
130	0.407407407407	0.61946986299	0.628194316413	0.688522933107	0.651525428162	0.635964266084	0.724653693618	0.69239822034	0.664676035993	
132	0.137254901961	0.283278861866	0.310513659575	0.526902538215	0.549398756991	0.764822533684	0.786377377998	0.763043876901	0.751275399844	
134	0.137254901961	0.969070668402	0.839237900518	0.961716167741	0.906807863807	0.854109131902	0.818875758218	0.905831965798	0.887814691639	
136	0.0	0.504086490562	0.481319436266	0.447002945928	0.487804175324	0.568786335017	0.649601898022	0.795737648649	
138	0.632796098136	0.632796098136	0.544764818507	0.501591853757	0.656391701409	0.616057820176	0.582416054194	0.748542845976	
140	0.137254901961	0.582392332169	0.688684045325	0.626131439026	0.650398483137	0.610590671835	0.578339469717	0.585519419989	
142	0.137254901961	0.59519984048	0.555062877879	0.503025539509	0.533018000034	0.501277596512	0.509635426593	0.558351887712	
144	0.0	0.232366268723	0.452371633927	0.589261200759	0.711062140536	0.664978239904	0.667862674462	0.699539084756	
146	0.188422287906	0.963413904616	0.912870929175	0.824347109509	0.754692021663	0.705618019013	0.665971900664	0.632127957609	
148	0.0	0.396226415094	0.482693688874	0.448554568811	0.444921122569	0.540547895719	0.510893816543	0.487569698297	
150	0.137254901961	0.402086444193	0.64168894792	0.596011402439	0.548387096774	0.510954815784	0.734861501499	0.6976865927	
152	0.0	0.165618661255	0.263704641215	0.371365567969	0.409394585897	0.385790123259	0.410222559687	0.391306418687	
154	0.396226415094	0.554434810581	0.555062877879	0.525860336876	0.560580537146	0.530535329383	0.566800333601	
156	0.137254901961	0.59519984048	0.545182067362	0.548087696555	0.543859649123	0.631117526366	0.791517505505	
158	0.0	0.232366268723	0.41067651463	0.412231962177	0.378908714001	0.405690905202	0.383898134637	
160	0.0	0.232366268723	0.572558897809	0.522232967867	0.522232967867	0.485286470633	0.455094617757	
162	0.0	0.348418590804	0.427003448781	0.426401432711	0.445853373842	0.41595402568	0.433212569294	
164	0.396226415094	0.582482372511	0.512721032071	0.489560437012	0.497103561917	0.462407415613	0.711153608257	
166	0.518518518519	0.432167549112	0.396691120499	0.464963777809	0.427420342039	0.398539926457	0.469842245045	
168	0.0	0.215131260254	0.263704641215	0.374513859558	0.344508218004	0.318768116164	0.298000972211	
170	0.518518518519	0.582389057978	0.511574030792	0.470984147305	0.430151845761	0.398242520308	0.422395355236	
172	0.0	0.165618661255	0.229741258559	0.24014181993	0.224267380571	0.302421569576	0.348418590804	
174	0.0	0.165618661255	0.348418590804	0.415362118593	0.377829894236	0.735186606777	0.708976311554	
176	0.0	0.504086490562	0.447520221244	0.531933838516	0.488615123246	0.456261921182	
178	0.0	0.165618661255	0.239839181285	0.432167549112	0.552978411845	0.514423671356	
180	0.0	0.165618661255	0.173714993779	0.437836682131	0.400959026519	0.484322104838	
182	0.0	0.165618661255	0.218701565503	0.449420995079	0.413776523569	0.724691489434	
184	0.0	0.0985136076343	0.193065827887	0.369516313413	0.334651903882	0.705794084971	
186	0.518518518519	0.582102203403	0.50890670693	0.511313114338	0.46570138413	0.752296521256	
188	0.0	0.0985136076343	0.113188490356	0.321643577957	0.299953755189	0.693463897857	
190	0.0	0.0985136076343	0.0808381166605	0.227497050075	0.212666524825	0.202138195233	
192	0.0	0.269230769231	0.269230769231	0.25147493905	0.327355444922	0.301622829642	
194	0.0	0.215131260254	0.245270852176	0.258506079603	0.233869771751	0.215131260254	
196	0.0	0.301622829642	0.29882048677	0.415362118593	0.377829894236	0.348845412315	
198	0.0	0.232366268723	0.245270852176	0.265131636325	0.240192230708	0.226887554499	
200	0.0	0.137254901961	0.29882048677	0.275649583174	0.255124983873	0.240169465574	
