2	0.491858274294	0.414771864211	0.399375967495	0.856802343728	0.792598363252	0.748573723762	0.706521306743	0.675475596479	0.645621171961	0.629756065325	0.613280399877	0.640870175453	
4	0.324154825148	0.763228705014	0.658905030392	0.592967303753	0.551255101226	0.563881823786	0.533334159686	0.507228225309	0.491155205095	0.474680737039	0.46071035131	0.44862619708	
6	0.276243138346	0.620686955811	0.535865870133	0.523775866567	0.483660781696	0.45269704395	0.428105921084	0.412092391715	0.397576813557	0.38530128263	1.03950751101	0.999091108071	
8	0.684891942955	0.528126193143	0.492767726669	0.442453515217	0.413014833756	0.3895830537	0.370456026407	1.02326483444	0.972991317914	0.933637381913	0.896205182319	1.15557647225	
10	0.606893133045	0.472926415259	0.436679067511	0.394613153557	0.366525963733	0.343958087443	0.96612237807	0.915138633005	0.869130737784	1.11492592514	1.07409069515	1.03342551102	
12	0.542308502873	0.455047954591	0.391530125048	0.353629483991	0.32811728972	0.936783229465	0.880248465145	1.11317158109	1.06451227141	1.01627375769	0.974588017201	0.939588051904	
14	0.505828076007	0.416947294126	0.354983897878	0.32740774715	0.937267215857	0.870090595335	1.08664653048	1.03373593836	0.980855045809	0.938752985954	0.985064568061	0.944327454475	
16	0.465035177206	0.382533034927	0.331216785636	0.956620353485	0.876927870045	1.0815434489	1.02034563561	0.962721223556	0.916179477642	0.954651849753	0.916142446527	0.882566430177	
18	0.437973060553	0.361384902209	0.314244832572	0.903587088237	0.82606926519	1.02452628379	0.958086188148	0.905577519447	0.937091398244	0.895661065817	0.85969159428	0.828340203973	
20	0.406368028969	0.336349333821	0.292991602223	0.858936871582	1.04175692906	0.969184985515	0.908201332201	0.932085697557	0.88636974766	0.846967578995	0.81373882863	0.783865437973	
22	0.394642782665	0.322633799927	0.917514609451	0.818360668997	0.99816238755	0.923950767284	0.943460374535	0.888346949285	0.844284287609	0.807693402824	0.776477231809	0.747793140502	
24	0.380702667438	0.298548005702	0.875663736475	1.03673077706	0.952012935474	0.881363432955	0.895686162143	0.848439026725	0.806566501425	0.771121886821	0.741268243833	0.714003687581	
26	0.369450850014	0.288330609233	0.845152192871	0.998049194901	0.910634317099	0.917262412807	0.857608121038	0.811404035176	0.771754614713	0.737323247008	0.70828930915	0.683657445747	
28	0.358553173379	0.279781989502	0.812869162044	0.962142719474	0.877009118095	0.879224185266	0.827085811911	0.780188213937	0.743019525104	0.711074483297	0.683595057165	0.659092537219	
30	0.339476430819	0.265983593778	0.785028328176	0.928801267505	0.918219509885	0.849688433044	0.797105164841	0.752844051979	0.717254251408	0.686490218255	0.660354057769	0.637977913371	
32	0.324338754194	0.888265588527	0.999732560419	0.89668118033	0.885080149827	0.821482626964	0.769040157521	0.728072688253	0.692930258545	0.664473130629	0.639585932377	0.616294546849	
34	0.329165149473	0.864264808376	0.978603957518	0.871730755142	0.857235966525	0.79648691699	0.746543348098	0.707329949905	0.674087367316	0.645417230145	0.619967294432	0.607659851586	
36	0.298894587972	0.836569688932	0.948645670103	0.843194608965	0.831365620913	0.771162823678	0.72377607043	0.684092827236	0.652917209871	0.62626930733	0.606088545817	0.592076517476	
38	0.288747711149	0.818468961495	0.923359381642	0.886174944636	0.809416149611	0.748684537403	0.703401153484	0.665975145754	0.634156663458	0.606313927881	0.592140200445	0.574019519648	
40	0.284937972776	0.80030525621	0.900148033301	0.862793151664	0.786853562434	0.730277560453	0.686588468755	0.649316404121	0.620127943453	0.601679683558	0.580645933513	0.560621226015	
42	0.287487650325	0.78153425836	0.876588395494	0.839019985956	0.768031688403	0.712766603797	0.668053274986	0.633346637747	0.603066476408	0.585997317609	0.56586685307	0.559225697733	
44	0.26943850491	0.761264966377	0.854319896878	0.818603384835	0.747633142362	0.693799554164	0.651599569284	0.617023666263	0.592030519086	0.572538145816	0.551525698801	0.571429293456	
46	0.265088401977	0.745818179167	0.837056780642	0.801395774072	0.730627259517	0.67884876965	0.636533849831	0.603436441065	0.583097750516	0.560010278563	0.578823124835	0.558319110098	
48	0.245674132649	0.947164642494	0.815142270197	0.782588567072	0.714128008133	0.662686511625	0.622939774678	0.589910492629	0.571706690081	0.547520751524	0.565371330704	0.545588516536	
50	0.253550265179	0.933113146983	0.859620346255	0.765131184423	0.70021100604	0.649576765132	0.609690944864	0.584704012384	0.558549536813	0.546810851379	0.551795008113	0.532803304043	
52	0.253458851446	0.916915093414	0.843047939165	0.751320632924	0.685239172766	0.635728590542	0.59850060226	0.57241763576	0.547564810431	0.562842570318	0.541652909426	0.522490981734	
54	0.251463774646	0.903672491943	0.825271137608	0.736064619446	0.673421853262	0.624779112431	0.586579383353	0.563961985007	0.537871028927	0.552335962627	0.531543441814	0.513407831647	
56	0.22666829502	0.882530490266	0.806763093584	0.720259283739	0.659471097318	0.611726138139	0.577996927484	0.55187540636	0.537103305368	0.539773624143	0.520263805209	0.502246644736	
58	0.228021104183	0.866836663362	0.791470816044	0.706616005115	0.645091019253	0.599644094007	0.570264878313	0.541457997035	0.554556929563	0.531587687861	0.511639810023	0.496452273617	
60	0.228531101876	0.853408636225	0.779607994585	0.695098973743	0.636111632311	0.591934535955	0.560496471644	0.532577403039	0.544280443265	0.52187187943	0.502737827857	0.487425260001	
62	0.829164353228	0.84020528953	0.768383100152	0.685804720671	0.625700154786	0.58088810673	0.552790636859	0.523763338213	0.534332166871	0.512918244692	0.492935243002	0.477479880328	
64	0.808708224604	0.822199687988	0.75421986062	0.672800735489	0.614191419675	0.571268823833	0.542786152284	0.550837201404	0.525663920469	0.504313440257	0.487066668787	0.469706196866	
66	0.799708820105	0.810119376509	0.740324607349	0.661036238491	0.604444054396	0.565313217542	0.533860330262	0.542218158356	0.517036809854	0.496147318489	0.479290784359	0.462265781607	
68	0.78591071047	0.797140371481	0.728421026173	0.650809641848	0.594649345551	0.557595740226	0.525448306095	0.533119746535	0.509134628802	0.488186054152	0.471007330649	0.454345372037	
70	0.779689812215	0.78830203883	0.719448370228	0.64237081995	0.587113406675	0.550438893986	0.519554055206	0.525960369791	0.502233038199	0.483798795525	0.464659264575	0.448479492928	
72	0.767309001682	0.774867504741	0.707409803884	0.630781212688	0.578776721529	0.542738949294	0.520584127045	0.517850045504	0.494121155185	0.47542567557	0.456884783248	0.440215434831	
74	0.758037326165	0.814817097237	0.69700619369	0.622724768051	0.569887770806	0.534772082181	0.537900488243	0.510190236246	0.486789784722	0.46818960722	0.449643723525	0.470538857323	
76	0.746888277235	0.801985944016	0.685166996289	0.613626765829	0.559966526044	0.525185441519	0.52933345515	0.50244671094	0.479023877672	0.46082969666	0.443114762323	0.462946248408	
78	0.738386081529	0.791300583661	0.677155736636	0.604367606696	0.555286391421	0.519136447377	0.521816708555	0.494920388661	0.47406143251	0.453494238463	0.435965429519	0.456270560283	
80	0.730261799099	0.780987828979	0.668570666136	0.596878608707	0.551122453362	0.512045802885	0.513839971792	0.488454992408	0.466710523934	0.44668712503	0.428984823106	0.449225176126	
82	0.719351698463	0.766563409053	0.660073998345	0.588152704974	0.541875028573	0.504912351288	0.506963290839	0.480973167746	0.460047194559	0.440081382752	0.459425266143	0.442932045557	
84	0.712109883284	0.760099304605	0.652656002992	0.582449154038	0.536192172925	0.5092017156	0.502001064049	0.476196485569	0.45487044903	0.435775010524	0.454061512505	0.43809261557	
86	0.703845620865	0.751134785911	0.644420461635	0.575374490062	0.529142040719	0.527065953411	0.496355300139	0.470239988625	0.449450452248	0.430071319478	0.448748503053	0.432847328893	
88	0.696203925124	0.742399914709	0.63620806858	0.568211977289	0.523203551755	0.520333435084	0.490256377295	0.46622206033	0.443564702951	0.424214878372	0.442651665753	0.426692841407	
90	0.685703687588	0.732416966518	0.628162709679	0.561761844925	0.516274272453	0.512604504916	0.482860967175	0.458832071963	0.4369673047	0.454015020285	0.436523641114	0.421518139888	
92	0.678902951866	0.725689995997	0.621019330846	0.554847041649	0.510200530744	0.506611510422	0.478200293102	0.453779135013	0.432216848214	0.448378698739	0.431348025784	0.416109477572	
94	0.671418007723	0.718467254339	0.614994573452	0.54945452358	0.505615861217	0.501718789169	0.472676401714	0.448999520397	0.427594000321	0.44418850961	0.427103567945	0.411671495777	
96	0.84651817925	0.707838163134	0.605421811573	0.541513444019	0.498272709405	0.495396353988	0.466145823759	0.442322474789	0.421315764681	0.437725819148	0.420737087385	0.405587879123	
98	0.839251765098	0.702824915064	0.600482736012	0.538212579043	0.494533523838	0.490177329306	0.461052615651	0.437815128217	0.416404152647	0.433051116186	0.416648613799	0.401089652758	
100	0.834323697257	0.692375320747	0.594111443584	0.533423801631	0.496381297795	0.48368997437	0.456508831803	0.431780514538	0.446278229062	0.427577420168	0.41103624626	0.435681892763	
102	0.825257249276	0.68565770425	0.58843075643	0.527090161963	0.513763380118	0.479521265884	0.451894108659	0.427473352378	0.441916570175	0.423337361254	0.40675972259	
104	0.820073168918	0.680120733728	0.580860617106	0.521674669902	0.509909990575	0.475233497564	0.447699586335	0.423657442143	0.437719080348	0.419266871848	0.402792834798	
106	0.812157975217	0.670235979421	0.573371870033	0.514824872184	0.503230370167	0.469435320709	0.441735535651	0.418184342175	0.432507232011	0.413744871482	0.397698537045	
108	0.806771567203	0.6654191348	0.570160634634	0.511448917381	0.498900219096	0.465561990796	0.437372951817	0.414032633932	0.428185290007	0.410189625996	0.433122202593	
110	0.799284612574	0.660147352581	0.565436808434	0.50669070185	0.493890078329	0.460843921764	0.432980136486	0.409761521414	0.423727474996	0.405801253881	0.428329240641	
112	0.791120569422	0.651006963879	0.558207800778	0.499845291479	0.487338025198	0.454349944375	0.42747049133	0.438615638042	0.418024192497	0.400004323288	
114	0.784076345715	0.644119740631	0.553479684585	0.4951506649	0.48379315725	0.450276180053	0.423676495518	0.434495113041	0.414420018087	0.396511467942	
116	0.776416405227	0.639662453971	0.547834713923	0.490849020213	0.480334153496	0.448051299864	0.420018110786	0.431349046213	0.41105145004	0.393263361997	
118	0.767391306543	0.630935969758	0.540845799054	0.484286081153	0.473985397048	0.44140919331	0.413805613035	0.42517597855	0.405009243242	0.387554149887	
120	0.762825790899	0.627330399998	0.539317279559	0.481641067191	0.469918169029	0.437557993156	0.411031022679	0.422494072165	0.402629049871	0.423444583926	
122	0.755136101979	0.622123738603	0.53311741138	0.477926349491	0.466602250429	0.43391377362	0.407318204617	0.41881493312	0.399208190323	
124	0.750547424074	0.618521445349	0.529110348021	0.47387551326	0.462522760235	0.429923326651	0.403476883254	0.414775120093	0.395139573026	
126	0.74481590417	0.612898298141	0.52474498362	0.476739901165	0.457290892179	0.425114734289	0.398972985076	0.410360076035	0.390804081851	
128	0.735061377943	0.60611943084	0.519432603242	0.492633347683	0.453622569516	0.420780661849	0.429085732343	0.406345381894	0.387000233933	
130	0.731551684877	0.602167155583	0.516058517496	0.490277376567	0.450884699845	0.418611169524	0.426115796358	0.404144554241	0.384799773379	
132	0.725475359123	0.597259767185	0.513087799967	0.485377280896	0.445907521055	0.414211171222	0.421870529111	0.399753534918	0.419059721486	
134	0.717824101226	0.593221108452	0.508346363523	0.480996580826	0.442188617484	0.410609336925	0.418306139295	0.396370650294	0.415675542371	
136	0.71354882102	0.589604954095	0.5049011963	0.478619713072	0.439891827085	0.408319862983	0.416241524821	0.394365870406	
138	0.709369724095	0.582816560252	0.500141302908	0.473720264744	0.435311107835	0.40449155393	0.412211411709	0.390323757349	
140	0.702740629693	0.578660878491	0.496020270907	0.469520761793	0.432077727367	0.400821904138	0.407874215637	0.386178007232	
142	0.698725569383	0.574005266053	0.491882431663	0.4682572438	0.429694470707	0.398477217949	0.406138083017	0.384350750107	
144	0.693087372856	0.570378475967	0.488826028682	0.464066845855	0.425233800182	0.394454622024	0.401996741247	0.380450454767	
146	0.719656821561	0.563982454055	0.482906619781	0.459556211212	0.421187522097	0.390602513945	0.398480298228	0.37702787663	
148	0.713937915204	0.559966394531	0.478446225799	0.455200170357	0.416997258689	0.42000932049	0.394667739245	0.373037937998	
150	0.712830173089	0.558420576899	0.476543178239	0.452508948399	0.414090587234	0.41685389379	0.391911841975	0.408105831387	
152	0.706290175317	0.554291229781	0.470812093846	0.449620827867	0.411115347678	0.413806690435	0.389051951092	0.405233559518	
154	0.70282123253	0.549388677563	0.469025913953	0.447816067796	0.408725431101	0.411632304779	0.387178154222	
156	0.695937160643	0.543915263646	0.465210284325	0.443164886789	0.404790679214	0.407959845527	0.383480953028	
158	0.690303454328	0.54028345031	0.46151816265	0.439785574114	0.401383083872	0.404625112417	0.380126871056	
160	0.687368910805	0.537454102038	0.459756869232	0.438101201619	0.399281361805	0.402504587787	0.377737626057	
162	0.678214795036	0.532001155436	0.455107733677	0.433397499896	0.395623658669	0.398951490805	0.374656905495	
164	0.674388478118	0.529974425153	0.453194364921	0.430881715403	0.392938159475	0.396116735256	0.372117222294	
166	0.671878961364	0.527675053018	0.456645772897	0.427130028222	0.390441393327	0.393377504924	0.369373020134	
168	0.668345032624	0.524042845961	0.453858681584	0.423914991308	0.38753220449	0.390418904561	0.366228460343	
170	0.659943817805	0.518786745472	0.469524826689	0.422250252362	0.386223879604	0.389020806488	0.402231969352	
172	0.658680767477	0.516699593377	0.466761370906	0.419072659377	0.382592849483	0.385894106696	0.398647541922	
174	0.654782544647	0.512796168197	0.463744929138	0.416343355223	0.3797419487	0.383037188439	0.395599750742	
176	0.652992778521	0.511359647143	0.462156895756	0.41500956203	0.378135517933	0.381188261193	
178	0.646676947894	0.50757088419	0.45709066975	0.409918242096	0.406133637842	0.377377262236	
180	0.642716270961	0.504763499369	0.453139317633	0.406122159838	0.402670802068	0.374967314149	
182	0.639083524165	0.502070020084	0.452015233169	0.404842152392	0.400708884323	0.373229536035	
184	0.638005016396	0.499281668187	0.450040745552	0.403080417824	0.398944543663	0.371365709099	
186	0.635863780911	0.496551735833	0.446737522655	0.399380224808	0.396217984025	0.368415734712	
188	0.632407283289	0.493977747385	0.443607980484	0.396677343794	0.393244568959	0.36551956691	
190	0.626054519905	0.488326150583	0.441002574173	0.393980472587	0.391351725758	0.36356734662	
192	0.619990517203	0.485372292558	0.437744225054	0.390565050026	0.388169970175	0.36039785598	
194	0.618632763643	0.483753823241	0.435937078142	0.388808905335	0.386054059411	0.358349876381	
196	0.617682963361	0.481388170184	0.434724989995	0.389236820643	0.385462247341	0.357756465589	
198	0.610086682392	0.477815574317	0.43103607804	0.384710684221	0.381574185887	0.3909369008	
200	0.60848409065	0.475660548256	0.429056815345	0.382839276357	0.379834629033	0.388321857359	
