2	1.43319347752	1.2588063457	1.13487685537	5.77609855949	5.66378930404	5.48566023918	5.39923028388	5.29299835809	5.1751132898	5.05626790348	4.93029575933	4.75583497533	
4	0.853132068161	4.06301119064	3.86053077148	3.72713112524	3.56183450386	3.35471712631	3.26113157219	3.12504834153	3.00960572681	2.92741016453	2.85411656179	2.76326050002	
6	0.719811922071	3.14382453721	2.97163152918	2.73068314734	2.60461354235	2.44974986976	2.33230719546	2.25003931659	2.18420682528	2.10665333846	11.6888101182	11.7056854862	
8	2.84880764916	2.61952011376	2.35341766568	2.19436973453	2.05737101374	1.94448740772	1.86859952606	10.0814587222	10.1304221684	10.1920388514	10.1716447016	10.2149839123	
10	2.493454125	2.23638115785	2.00557557844	1.83724578394	1.71581361388	1.62536206874	9.05741118661	9.11106451614	9.08113003014	9.186995447	9.28761072687	9.32768481279	
12	2.19789244702	1.90953089095	1.71560586554	1.57684289021	1.47691047697	8.26306397782	8.29435319145	8.33401613062	8.46542552553	8.5101090346	8.52537164289	8.52210498324	
14	2.0259856583	1.73173009737	1.52170417831	1.41614018863	7.64794276927	7.67595216319	7.71877151524	7.84845553742	7.87167723666	7.89017856116	7.47122128559	7.43931246985	
16	1.82654156992	1.52843624028	1.35455138071	7.12051785608	7.20102041783	7.20820405141	7.34178945054	7.37213142464	7.37315119097	6.97178954601	6.97492713796	6.97361731985	
18	1.7084711902	1.40694884945	1.25852662393	6.74113218647	6.76203755212	6.89804165101	6.93707382158	6.94603955757	6.56456493686	6.56801237823	6.5441498823	6.51959126046	
20	1.54386973377	1.27584588075	1.13240231491	6.43492277814	6.47922085147	6.58081742887	6.59880399447	6.230877705	6.23163991085	6.2028790727	6.18156961362	6.14264861908	
22	1.47059536941	1.21003581155	6.08490969266	6.1226981421	6.25010545768	6.29044151159	5.95764024276	5.94619275124	5.92256653475	5.89643929088	5.86505315497	5.82411525878	
24	1.30490467591	1.08659439871	5.8407131541	5.8834955883	6.01116287157	6.02151608549	5.68183680647	5.69443910111	5.65170231085	5.61237631175	5.57867290051	5.52257191827	
26	1.25658183556	1.03764921243	5.6346315105	5.70201390764	5.76730581694	5.46053590762	5.45197882681	5.43561143287	5.39010044636	5.34492123113	5.29243899771	5.23354426003	
28	1.19780713896	0.984709946251	5.41897914665	5.53111713145	5.563239183	5.24613190721	5.25818140422	5.19955401109	5.16933935801	5.1272124143	5.06100601182	5.00049867548	
30	1.12546767923	0.920055335259	5.23210667231	5.36079983589	5.07530290885	5.07790677478	5.05078567897	5.00733841659	4.97217442842	4.91670741919	4.84370481376	4.79897478705	
32	1.05004904742	5.02659871768	5.07666949249	5.19683862117	4.91332388612	4.91695260939	4.86247111768	4.8294206534	4.7704727244	4.70012656733	4.65229449007	4.59364631464	
34	1.07747172408	4.87734564668	4.9757892723	5.04535903296	4.76056009509	4.75190834592	4.70532380586	4.66985360907	4.61655641403	4.53688769781	4.47739973858	4.3224439177	
36	0.957010466731	4.75506962869	4.86398031115	4.90176981989	4.63275489074	4.60079211731	4.5577374708	4.49749960446	4.42976301381	4.38062885309	4.25971509868	4.10081526842	
38	0.908142141078	4.65719282045	4.75461178668	4.50828001573	4.51418958158	4.45601551711	4.41852130824	4.36491247177	4.28419012943	4.21621060559	4.06180367536	3.94255501793	
40	0.907588101236	4.55318286757	4.64486687252	4.3953860152	4.37855237506	4.33809577134	4.29252328272	4.20738946037	4.15944007467	4.004778462	3.87780313886	3.81980831184	
42	0.914727111052	4.4185092431	4.52199724396	4.27246808959	4.25988540149	4.21344932781	4.15081640446	4.07773647249	4.0124652228	3.85733836229	3.73937071234	3.64922281099	
44	0.824707460739	4.33072400346	4.4323183699	4.18697521586	4.15488169408	4.10588254797	4.03444137146	3.96534488047	3.8510091585	3.69162101211	3.63486486894	3.52642727908	
46	0.821034989154	4.22495678004	4.33846100288	4.09685634631	4.04810363505	4.00036430326	3.91604068051	3.85449733097	3.70274333823	3.57773131705	3.47092166087	3.42049748646	
48	0.736414536624	4.13300845547	4.23750037752	4.00553365785	3.95054921317	3.88924492787	3.81431499844	3.74659877357	3.54687443553	3.47964466502	3.3742275265	3.32659294866	
50	0.757949425376	4.07136077858	3.91585948861	3.90388262254	3.86509147723	3.80063172369	3.71691955077	3.5723892239	3.44694356633	3.345343421	3.27729889909	3.23355993857	
52	0.768018120558	4.01325557288	3.84372737547	3.83062065222	3.76932144115	3.69243839917	3.63122923322	3.46818150828	3.35240341506	3.24609039621	3.19741500172	3.14889544211	
54	0.760047665979	3.96061466243	3.76878336461	3.74871749046	3.69932274665	3.61218787783	3.53942416001	3.34389795971	3.27752052459	3.16766056559	3.12096807129	3.0729147757	
56	0.663948185384	3.89792413963	3.69745476135	3.66888597529	3.62071651602	3.53283982272	3.41490012246	3.26333746076	3.15893155809	3.08974013307	3.04844560435	2.98269903588	
58	0.674189867167	3.8321065628	3.63191275408	3.59785961138	3.5318557757	3.44860496053	3.30313923185	3.17835276723	3.0755352481	3.02431172794	2.97553583071	2.89146295359	
60	0.677303821483	3.7734296643	3.57246994738	3.52694998977	3.46581807283	3.38459577981	3.22276819846	3.10796396284	3.00116145178	2.95255948805	2.8927296429	2.80873675461	
62	3.60162561255	3.72292983381	3.52474932222	3.47858986238	3.39450832501	3.31470119889	3.12112088598	3.04916238376	2.94073490312	2.89602363662	2.82663980857	2.74281091021	
64	3.5351852893	3.65687157814	3.46214372528	3.40460234264	3.31547675361	3.24228922566	3.04849251027	2.93140135297	2.87831269282	2.82883036868	2.74351985321	2.67356726219	
66	3.50106144279	3.60815206814	3.39727458664	3.34617393741	3.2587505189	3.14097693056	2.98132449421	2.87516227278	2.81993641206	2.7587058222	2.67412926858	2.61721314756	
68	3.43362650766	3.54630876262	3.33951418525	3.28588418867	3.19443860432	3.04353718915	2.92310421973	2.81346581973	2.76386408285	2.69748813725	2.60868367971	2.55407325409	
70	3.40566668061	3.50599415071	3.2913945399	3.23272202154	3.13980395013	2.98522252414	2.87408788405	2.76212180974	2.71028175487	2.62806131331	2.55628450092	2.50711794957	
72	3.35706939345	3.45330526024	3.23918494793	3.17024661799	3.09034732062	2.89215011766	2.78305490336	2.71386223169	2.65827021818	2.56420868827	2.50541218808	2.45030359859	
74	3.31433714753	3.20287865345	3.18508430045	3.12009638178	3.02803936056	2.83643632683	2.72036436714	2.66343397677	2.59653561439	2.51350369879	2.45185829291	2.51881604458	
76	3.28094865481	3.1660337479	3.13628967498	3.0763420108	2.9736965198	2.77965244839	2.67444152424	2.61869121584	2.54676506838	2.46187571326	2.40757020803	2.46739791341	
78	3.24174013136	3.12610888213	3.09523527405	3.01043483485	2.8861397505	2.73411152775	2.62410542275	2.56762372174	2.48329618286	2.4101765293	2.35477989082	2.42161515923	
80	3.20157804886	3.08593195422	3.05277798916	2.96434980101	2.82201131006	2.69224672633	2.58059867085	2.52886614261	2.43076475052	2.36984840999	2.31068399671	2.37845676205	
82	3.16237805428	3.0340584526	3.0134797261	2.91912535738	2.76848846418	2.64788990655	2.5385946725	2.47873174382	2.38454242081	2.32094168819	2.3805518954	2.33355742286	
84	3.11870408546	3.00537587709	2.970930661	2.87871648343	2.72331059225	2.57587981895	2.50247913375	2.43301509218	2.34260918836	2.28720996339	2.34142067816	2.29672860779	
86	3.08669540525	2.97347407715	2.93242715145	2.83673172715	2.67565731351	2.52769434689	2.46795062596	2.39413678632	2.30553107723	2.24631583134	2.30562649722	2.26028133915	
88	3.05273574576	2.94195465785	2.891916202	2.79644150746	2.60306553664	2.48724287906	2.42856995871	2.33901462134	2.26528958426	2.20391638363	2.26350896583	2.21427857927	
90	3.00175644752	2.90099380041	2.84982469262	2.7553132465	2.55902795519	2.44143060148	2.38151408563	2.28591849817	2.21998702202	2.27000951035	2.22201660996	2.17740512715	
92	2.9675047674	2.8740527153	2.81304083276	2.71403099844	2.51847398473	2.40631171422	2.35055065856	2.25107999995	2.18680724403	2.2324673515	2.18660297819	2.13840842707	
94	2.93457976935	2.84884031995	2.78359122139	2.68260919024	2.49144104878	2.37940177605	2.3178095724	2.21883905859	2.15717066017	2.20625130145	2.15972177466	2.10905212324	
96	2.89430005122	2.81254758817	2.73733262795	2.64051554029	2.45169684862	2.3447424214	2.27182532497	2.17883610315	2.11815466374	2.1678526503	2.11695680466	2.06822945596	
98	2.8732958503	2.7895216055	2.71011029528	2.57598871877	2.42704007835	2.31513423958	2.24018942983	2.15139158351	2.08577897677	2.13871854216	2.09103349322	2.03943584494	
100	2.85622421612	2.74503468972	2.67915864915	2.51965160481	2.35947191975	2.28085914932	2.19228803843	2.11621509377	2.15440391308	2.10508854448	2.05461906551	2.18060562491	
102	2.82974436317	2.71554819852	2.64703454118	2.47971749978	2.31314074364	2.25086090826	2.15413291786	2.08085410105	2.12176720039	2.07357036276	2.02196237916	
104	2.8140663064	2.69246584521	2.60154677094	2.44516118273	2.28899975944	2.22268994656	2.12475591737	2.05584763109	2.09575049515	2.04708658738	1.99529564316	
106	2.79274395654	2.65602114166	2.56372323227	2.40503732198	2.25563140509	2.19096582815	2.09088100503	2.02279680728	2.06440539803	2.0105358908	1.96041825756	
108	2.77774975995	2.63661810388	2.54682580828	2.35813499313	2.23361649865	2.16906929887	2.06505290775	1.99986009505	2.0419325473	1.9916094635	2.10828038264	
110	2.75514392308	2.61138442974	2.5193373428	2.32751054808	2.20465768726	2.13322277664	2.03504896032	1.9693785247	2.01091599065	1.95919599501	2.07381004977	
112	2.73183929145	2.57647482691	2.48720830018	2.29744829184	2.17470379785	2.10119298118	2.00806813843	2.0351628144	1.98180578436	1.92823440318	
114	2.70761356661	2.54571648262	2.45624505069	2.26051856139	2.14836355152	2.06958351141	1.97808914105	2.00437489496	1.954434127	1.90062103444	
116	2.687236854	2.5286025368	2.42978534685	2.23945892915	2.13048838166	2.03775539123	1.95651249208	1.98687212373	1.93399779092	1.88037251327	
118	2.6610024729	2.49674046065	2.40104430597	2.20993830176	2.10055348277	2.00450296566	1.92648225519	1.95624360419	1.90124826203	1.848543657	
120	2.64563620149	2.47823444537	2.38451659329	2.18954461775	2.07795282838	1.97711093788	1.90628649809	1.93730948891	1.88359407482	1.9874450779	
122	2.61873610646	2.4540842672	2.35101981919	2.16330545042	2.05419814714	1.951417818	1.87870891624	1.9106793315	1.8565809627	
124	2.60620158868	2.44108101114	2.3320322962	2.14560576937	2.0375806218	1.93071271068	1.85874205786	1.89144491693	1.83654604327	
126	2.5847587346	2.41442384895	2.30700270731	2.09533120403	2.01049589203	1.90518049009	1.83381606891	1.86752081642	1.81184195457	
128	2.55757437406	2.38641171239	2.27860288799	2.05544548556	1.98667880368	1.87766052512	1.89940805464	1.84290272279	1.78604998609	
130	2.54581185011	2.36978501681	2.23037972768	2.0434285789	1.97130580196	1.86406295915	1.8806592599	1.82812798966	1.76960247335	
132	2.52819889265	2.35091593405	2.21151610745	2.02005844086	1.94089632865	1.84169520988	1.85829781121	1.80173496678	1.89980696131	
134	2.50158254096	2.33203007711	2.16511014556	1.99788043505	1.9201011372	1.8207444525	1.83934331185	1.78316127605	1.87970242204	
136	2.48558737639	2.3126750382	2.14524553423	1.98152934827	1.90247781914	1.80172584649	1.82271155471	1.76650264955	
138	2.47315786707	2.2883518201	2.12258191557	1.96028252149	1.88048415121	1.78328455741	1.80317911834	1.74505586763	
140	2.45077757853	2.26828117327	2.09791902792	1.93823031011	1.84583047208	1.76208085613	1.77856232065	1.72020169367	
142	2.43801701637	2.24646871726	2.07439404717	1.9291420124	1.82884561741	1.74657494835	1.76701646128	1.708133078	
144	2.4193727667	2.2301717027	2.03678952985	1.90945673668	1.80516043214	1.72640325416	1.74640450075	1.68639693933	
146	2.24332041657	2.20068787382	2.00730061025	1.88641426845	1.7823789913	1.70183076904	1.72435999551	1.66402105997	
148	2.22983606699	2.18810334934	1.99072384661	1.86907862604	1.76489340912	1.76903163442	1.70846050242	1.64736050005	
150	2.22634699307	2.1816344935	1.98097151104	1.85802122947	1.74991143078	1.75319998105	1.69340939827	1.77493268389	
152	2.20957376496	2.16282865891	1.95500736363	1.84253899929	1.73282696942	1.73584898059	1.67623276833	1.75754871429	
154	2.1984422231	2.13677878491	1.93886605719	1.82805120901	1.71505771537	1.72045753382	1.66158465355	
156	2.18051311167	2.11476535515	1.9224904011	1.80756529589	1.69731542091	1.70405557766	1.64389714298	
158	2.16336428779	2.09754172065	1.9058773748	1.7916337628	1.68171748283	1.68736965261	1.62539115667	
160	2.15340929558	2.08341867497	1.89426204006	1.78137377304	1.6697853339	1.67568637057	1.6122409469	
162	2.12848452324	2.06020902217	1.87204685249	1.75755680656	1.64703316397	1.65575561267	1.59361519199	
164	2.11541723883	2.05064972687	1.86213475649	1.74525786683	1.63457568795	1.64134953289	1.57986926966	
166	2.10855068741	2.04000767423	1.82556500445	1.72517555715	1.62335434339	1.6292718702	1.56674003277	
168	2.09672734368	2.02334309577	1.8103884591	1.70937712804	1.60791763289	1.61298366132	1.54872169813	
170	2.07215793304	1.99874781058	1.77661427987	1.69085685356	1.58849582197	1.59609676144	1.66900864741	
172	2.06824563018	1.98817702206	1.7709225054	1.68119273893	1.57817247016	1.58632478761	1.65471298647	
174	2.05880283418	1.9743642116	1.7569702758	1.65543027812	1.5631101001	1.57146140001	1.63876658927	
176	2.052862203	1.96595394681	1.74653671409	1.645215513	1.55173593807	1.55906722934	
178	2.03528152843	1.94966807412	1.729014579	1.62446127778	1.61132887424	1.54379019967	
180	2.01963693974	1.93316576779	1.70922654697	1.60281629193	1.59102711255	1.52802063224	
182	2.00803137446	1.92007019329	1.7003283912	1.59314962634	1.57926920037	1.51660305886	
184	2.00492468993	1.90777508593	1.69006612934	1.58314490604	1.56984215688	1.50561985409	
186	1.99926180929	1.89887780973	1.68186596098	1.57168653027	1.56190283026	1.49568332766	
188	1.98761719145	1.88558421036	1.66853714811	1.55776770865	1.54707578494	1.48066444168	
190	1.97093727823	1.86275020871	1.6549231848	1.54246060693	1.53525228563	1.46790148279	
192	1.95394298991	1.8486924762	1.63957734783	1.52537933175	1.51940889024	1.45111493968	
194	1.95031240227	1.82048769622	1.63159126586	1.51705719472	1.5100987116	1.44231877334	
196	1.94472879324	1.80811913077	1.62564734864	1.51383798195	1.50325880653	1.4349922859	
198	1.92134080538	1.7931844193	1.60975111289	1.49631338139	1.48683046693	1.54489878518	
200	1.91541559983	1.76955090404	1.60226987285	1.48833953276	1.47960343535	1.53314199952	
