2	0.0987841356967	0.0908727910143	0.0995560648981	0.0933023810352	0.0937536352824	0.0960802650946	0.0944410212252	0.0938689469803	0.0928160241321	0.0921620651812	0.093032561548	0.0935125140539	
4	0.0568974794695	0.0598211679816	0.0637913126837	0.064497343708	0.0648789669096	0.0659213437307	0.0659126239255	0.0656677881614	0.064396808317	0.0651871321471	0.0655323829842	0.065614996108	
6	0.052433209724	0.0515572608097	0.0534082915118	0.0534021413779	0.0534576165096	0.0519305517839	0.052624140808	0.0528728431651	0.0524174882679	0.052232290928	0.0525666773095	0.0516850559545	
8	0.0447300559902	0.0454893830444	0.0454315295936	0.0444781586749	0.0436363670209	0.045183955005	0.0451280250691	0.0459331961315	0.0451243913631	0.0453206346983	0.0455068393544	0.0457558837514	
10	0.0366580420833	0.0409737496869	0.0429458020811	0.0416816476108	0.0418748834381	0.04131236246	0.0411608320965	0.0407867289999	0.0410046864408	0.0413660054848	0.0409713704188	0.0416521810405	
12	0.0326403344428	0.0366126602065	0.0364656382652	0.0380263773996	0.0371375127635	0.0369396023103	0.0373121433829	0.0375769939966	0.0374063188726	0.0378216801026	0.0374733585443	0.0373854884012	
14	0.0310933036892	0.0329672201771	0.0318376605638	0.0337448742464	0.0325592326392	0.032485107283	0.0333649136988	0.0332654226512	0.0336307171331	0.0335057205069	0.0336700966173	0.0337123283199	
16	0.0250844451242	0.0278404841876	0.0302214207308	0.0311002150387	0.0307722521697	0.0317114786717	0.0317375387481	0.0317818418658	0.0320133258119	0.0316570053577	0.0317789327276	0.0319175130149	
18	0.0288134085302	0.0294320095483	0.031865354537	0.0311750934389	0.0308521656891	0.0310258543084	0.0313327031737	0.0309202671621	0.0308415509832	0.0310436966718	0.0309943747469	0.0308790305053	
20	0.0272963063348	0.0283563244985	0.0287946451265	0.028999062201	0.0295135180983	0.0299524406779	0.0297772395977	0.0298480474823	0.030139361848	0.0302584295126	0.0303011684654	0.0301133885242	
22	0.0280683366844	0.0260956782616	0.0273813791117	0.0265332642916	0.0273954213721	0.0274091744325	0.0274009885829	0.0271417594821	0.0273982771814	0.0277376888463	0.0280075749674	0.0282912889136	
24	0.0248558923335	0.0253247358109	0.0261612365626	0.0263888556476	0.0267383574912	0.0263391205125	0.026584719835	0.0266901008643	0.0270404407769	0.0270022835371	0.027343162653	0.026769565997	
26	0.0256376708963	0.0254936550221	0.0250153691042	0.0244996177384	0.0253804653228	0.0251949261927	0.0255725124292	0.0256821545077	0.0258318512481	0.0257899718839	0.025540123407	0.0255503638982	
28	0.0216064661324	0.0241815108365	0.0232965764037	0.0240197841251	0.0246893676841	0.024925100402	0.0251567465879	0.0253580303629	0.0250584327878	0.0248906877694	0.0247342923308	0.024789912173	
30	0.0230120381486	0.0235781135742	0.0236181089963	0.0248764696555	0.0241742671102	0.0242505869377	0.0242658043742	0.0241677193308	0.0239560027472	0.0234372869339	0.0234281462961	0.0236916686489	
32	0.019804166852	0.0220898439015	0.0217971468763	0.0229882744947	0.0230714795168	0.0229670090913	0.0227016987985	0.022536633286	0.022335253023	0.0221601546211	0.0223905194837	0.0226198201219	
34	0.0186036899684	0.0211806932485	0.020664529911	0.0213828902601	0.0214868326396	0.0218405664324	0.0217472126901	0.0218279226901	0.0215763759526	0.021432802104	0.0218202233694	0.0219691610701	
36	0.0226948164441	0.0229332639702	0.0223919477006	0.0226608331136	0.0225610414448	0.0228190039023	0.0226589619246	0.0221750044657	0.0220980426958	0.0223524442073	0.0225912292057	0.022607131542	
38	0.0204688908766	0.0211562596067	0.0217949941687	0.0216327602624	0.0223329737406	0.0220599096233	0.0221637714517	0.0217985327314	0.0216655394331	0.0219144021872	0.0219049060937	0.0221637959482	
40	0.0194729943989	0.0206298310372	0.0213241071504	0.0210108903692	0.0214613706951	0.0213561252941	0.0213239675227	0.0209795244705	0.0211320692441	0.0212460828239	0.0213759312083	0.0213034380881	
42	0.0187572295894	0.0181965425134	0.0191874138458	0.0193128422039	0.0199320511535	0.0202619289746	0.0197898599521	0.0199567276378	0.020346799096	0.0205347571651	0.0205318314742	0.0206590329293	
44	0.0170091697526	0.0182156187526	0.0191234363154	0.0191452639141	0.0196711992566	0.0200315592472	0.0195401137245	0.019734550741	0.0199752100231	0.0200391085058	0.0201445030593	0.0200951345395	
46	0.0185273480675	0.0187722561559	0.0195312559714	0.0199122320567	0.0204805662376	0.0201090834901	0.0198906509945	0.0200128645433	0.0200247061251	0.0202579643714	0.020345508931	0.0201508137368	
48	0.0183228519396	0.0184869828608	0.0187020082031	0.0189494458024	0.0188927797095	0.0186193446757	0.018356789969	0.0184356897535	0.0189152740375	0.0189169414605	0.0191529427808	0.0193500664072	
50	0.0167552622507	0.0175520891495	0.0188450031705	0.0187921064489	0.0185565116996	0.0180311363413	0.0181480299783	0.0187904380285	0.0188398171144	0.0189609160323	0.0188573590802	0.0189876290832	
52	0.0148386569242	0.0157156494583	0.0170513632959	0.0176278523623	0.0180398300387	0.0178779822206	0.0184201083829	0.0185628051651	0.0184740483589	0.0184468488203	0.018343799923	0.0185845335834	
54	0.0169780272435	0.0167656248073	0.018300703137	0.0185295293167	0.0185123105431	0.0181365661858	0.0186001676407	0.018625543252	0.018638500728	0.0184805316781	0.0183871721338	0.0184566751284	
56	0.0150947182463	0.0160888165107	0.0173332523945	0.017503907741	0.0171625041888	0.0168030094895	0.0173049589121	0.0174385179773	0.0174133018941	0.0175262082611	0.0174794870391	0.017575482264	
58	0.0175343796346	0.0178899831161	0.0176702625658	0.0177761833813	0.0169814182674	0.0172387125268	0.0177763523775	0.0177595103497	0.0174749510881	0.0173881562828	0.0176298690211	0.0178721019137	
60	0.0166667233201	0.0178799868226	0.01758491572	0.0176816017847	0.0171571639637	0.0170167524429	0.0173830205069	0.0175109697319	0.0174483863629	0.0175310267489	0.0175990630491	0.0180782656881	
62	0.0157854969663	0.0163791843622	0.0166544067195	0.0169642119511	0.0168709994633	0.0168416307561	0.0169997809608	0.0170194668616	0.0168252987711	0.0167954095444	0.0168162980396	0.0173380750977	
64	0.0138446070453	0.0155222282675	0.0151124679981	0.015654236099	0.0152742989502	0.0157261335826	0.0159258371321	0.0159772641873	0.0157092443454	0.0161833128484	0.0164363212617	0.0165381278358	
