2	0.0941236204166	0.0823843176485	0.0987811857944	0.102111432704	0.098083902034	0.101922488707	0.103269967165	0.102656020431	0.101988439481	0.100836375823	0.102753906724	0.102296817678	
4	0.0523413805411	0.0684006840416	0.069291856618	0.0731062907806	0.0704855970382	0.072442865805	0.121698945095	0.117261340712	0.112531527702	0.108458736147	0.105465233321	0.102847382346	
6	0.0565748954854	0.0607535362881	0.0604567095531	0.0608587822768	0.0994129509152	0.0932384190485	0.0882413305543	0.0846576180099	0.0818815073867	0.0796904764042	0.077698119873	0.0758630312727	
8	0.051952879068	0.0551283525016	0.0551851114443	0.0842908775979	0.0773848703173	0.0735704286685	0.069479539359	0.0677894363535	0.0654127298711	0.0643084481473	0.063630875306	0.0629984069622	
10	0.0432966370196	0.047775246066	0.0766631256385	0.0694009954646	0.0640947119158	0.0610660918346	0.0586267014351	0.0569739814899	0.0557630162683	0.0548606968764	0.0539394617593	0.053309974338	
12	0.0458597978702	0.0477251502784	0.0681722938634	0.0622062056776	0.0575570305127	0.0544538543092	0.053226435144	0.052218992568	0.0511432971764	0.0498136798451	0.048540301545	0.0480400758192	
14	0.0418802635493	0.0677508344665	0.0594679161493	0.0536273650198	0.0503370655341	0.0483444618168	0.0474753729791	0.0462633006335	0.0451457005814	0.0448361590538	0.0438450509265	0.0433918665756	
16	0.0385123847231	0.0629362706043	0.0550898309517	0.0501299991632	0.0470597687764	0.0462007267864	0.0445751489987	0.042963279473	0.0424288737683	0.0414808138471	0.0415194178221	0.0410378939535	
18	0.036135086634	0.0523117978926	0.0466636225397	0.0429116861802	0.0415744517635	0.0403016114022	0.0391168110005	0.0383905766068	0.0375414201485	0.0374615703544	0.0372653527182	0.0366440972342	
20	0.0348415471444	0.0515784495653	0.0459525580991	0.0427420107601	0.0411354760788	0.039640900187	0.0387725513048	0.0375006132398	0.0372578699139	0.036914774905	0.0367762093881	0.0361181759073	
22	0.0342106906311	0.0473634538676	0.0413352872893	0.038520925717	0.0371128316356	0.0358532370134	0.0352662882508	0.0348489144126	0.0345123448454	0.0342961409785	0.0334860870971	0.0335994253983	
24	0.0346771072655	0.0441503235564	0.0388132103937	0.0369230758646	0.0349920227168	0.0341901981494	0.0333820375248	0.0329723537015	0.0321987747586	0.0319247859007	0.0317745339865	0.0314510310631	
26	0.0333230617912	0.0419178466837	0.0379451186867	0.0356397824996	0.0340818189418	0.0328618906188	0.0322382434125	0.031842788199	0.0311713394979	0.0309351809008	0.0304167174448	0.0298934778664	
28	0.0471444993444	0.0377754949828	0.0338770162793	0.0322249558897	0.0317165757981	0.0303943707539	0.0303641759446	0.0296125123339	0.0289948667608	0.0287590770468	0.0283409269041	0.0304650185559	
30	0.0445481560011	0.0363132407027	0.0330874863298	0.0316720614735	0.0306141552438	0.0295223901358	0.029065529291	0.0286242008475	0.0286164480983	0.0280968354594	0.0296626179667	0.0292684719763	
32	0.0405110799132	0.0335705792312	0.0306843334118	0.0288906931621	0.0284611243841	0.0280584809348	0.0274038744206	0.0270338522232	0.0267862583973	0.0286723120743	0.0281193149536	0.0277450886483	
34	0.0430400335703	0.0344315517579	0.0311485496114	0.0294500075788	0.0283869694289	0.0277745066831	0.026978386664	0.0267050434482	0.0261385624795	0.0274993656387	0.0272770933765	0.0273634633935	
36	0.0389880011138	0.0314013314594	0.0294855386778	0.0282526190431	0.0269354749574	0.0262642521665	0.0259579342177	0.0253304714195	0.0268625975307	0.0265170409057	0.026347856349	0.02654134895	
38	0.0379978093114	0.0310795072064	0.0285000342324	0.026832286821	0.026346711263	0.025778335335	0.0253465235191	0.0245754764036	0.025954614038	0.0256734286308	0.0258380693054	0.0259803783021	
40	0.0375626204437	0.0304538106063	0.0271387414526	0.026063532997	0.025670672413	0.0249833640176	0.0245017393166	0.0257048835834	0.0252645502748	0.0252200832831	0.025519162876	0.0250983810041	
42	0.0365455649528	0.0291220786735	0.0268434433367	0.0258070596988	0.0254665054692	0.0248097737232	0.0241277746349	0.0252991575164	0.024854799442	0.0251176678665	0.0250260580847	0.0246999104581	
44	0.0340601447424	0.0278499899364	0.0259037861075	0.0246987340581	0.0246494249304	0.0241984814882	0.0233538322228	0.0246429632654	0.0246128807756	0.0249140260356	0.0244025627746	0.0243052012492	
46	0.0336371163615	0.0283037116637	0.0253675783269	0.0240997689145	0.024123759794	0.0236177476607	0.0244404688168	0.0239130399266	0.0240210849557	0.0240290225437	0.0236130816974	0.0235274351171	
48	0.0342065473079	0.0278949307577	0.025688927767	0.0243381312731	0.0231176337107	0.0226742942714	0.0236061337648	0.022967615467	0.0231650939013	0.0229893044594	0.0227070636166	0.0225101243126	
50	0.0288227031759	0.0245804216128	0.0228981441136	0.0224702365205	0.0217597098215	0.021182586963	0.0223660184536	0.0223320579035	0.0223183427344	0.0219585770796	0.0219949736758	0.0216088783171	
52	0.0282797790407	0.0237711608297	0.0222383489696	0.0215497410834	0.0209280097331	0.0203869953341	0.0215138537775	0.0219254326869	0.0216511378793	0.0215260882207	0.0211683869903	0.0210513767486	
54	0.0283132407266	0.0235916685821	0.0217680162019	0.0208920971583	0.020651216481	0.0219112912771	0.0217040705038	0.0216114100587	0.0215366763681	0.021343278852	0.0210826556352	0.0213467482592	
56	0.0288275776928	0.0240941802507	0.0226486538885	0.0215571390498	0.0208879138537	0.0214642684373	0.0209999101501	0.0211858738156	0.0205424515516	0.0204864619063	0.0201791617332	0.0204288552223	
58	0.0278693641134	0.0228636871957	0.0212577419064	0.0203574089578	0.0199740220541	0.02073359394	0.0208614053212	0.0206875941239	0.0202177805274	0.0198850147398	0.0201184705822	0.0198803212296	
60	0.0264718694184	0.0229843233157	0.0213901862468	0.0206219116256	0.0197898544587	0.02031915111	0.020634326678	0.0204811654972	0.0201307479099	0.0198028956813	0.0199868031625	0.0200261914707	
62	0.0251785511562	0.0215989845498	0.01997288045	0.0200577801122	0.0192200419674	0.0197490602286	0.0200526606499	0.0200797568022	0.0197571328666	0.019439311291	0.0198816858181	0.0204667052822	
64	0.0230175092556	0.0190815348528	0.0186541846824	0.0180211393938	0.0187485658351	0.0184389396387	0.0188428849408	0.0186819080723	0.0182139009923	0.0186944075956	0.0186573802499	0.0197433833663	
