2	0.0	0.00642518020711	0.00674450214867	0.00670681975866	0.00664134058609	0.00673190929029	0.00675092490295	0.00676935982552	0.00681789041025	0.00686323545574	0.00695294804502	0.00702481690844	0.00703993806762	
4	0.0	0.00496283376258	0.00497078790177	0.00507111305155	0.00489670922562	0.00486881402576	0.00477088459979	0.00475924077209	0.00483595765556	0.00485985954347	0.0048949513285	0.00481699369314	0.00479020195808	
6	0.0	0.00433891577165	0.00425707435661	0.00400959317004	0.00397322989259	0.00400607634513	0.00397265372364	0.0040557903014	0.0040777129241	0.00405410312362	0.00402193914673	0.00402024565389	0.00400429482831	
8	0.0	0.00217921346543	0.00229056638117	0.002438620112	0.00240557727991	0.00233157632589	0.0023488768123	0.00236158129776	0.002326203655	0.00228230628383	0.00226291790013	0.0022323835428	0.0022198043605	
10	0.0	0.00316818519504	0.00313647259905	0.00311647404753	0.00305665818878	0.00310327509515	0.00307327898226	0.00297821623845	0.00295898660166	0.00303509398569	0.00304223432036	0.00303953682686	0.003014038164	
12	0.0	0.00162554362038	0.00149102781692	0.00145017605685	0.00139429381769	0.0013427107024	0.0013502060452	0.00134566286288	0.00137976396839	0.00138804146067	0.00137742457717	0.00136074627287	0.00134778083681	
14	0.0	0.00273159694716	0.00273560902541	0.00284176714082	0.00295282453308	0.00295915725832	0.00292017733765	0.0028688810374	0.00284784811545	0.00286661083783	0.00288294998629	0.0028709434781	0.00289123938853	
16	0.0	0.00254586998289	0.00262508610086	0.00266183754481	0.00260685508051	0.00254133988524	0.00249602313283	0.0025066318308	0.00253398606745	0.00251467863114	0.00249800389003	0.00248468799149	0.00250262310506	
18	0.0	0.00253979712208	0.00262074823011	0.00263473966238	0.00258645135939	0.00256250019682	0.00250859052063	0.00254177682266	0.00255262411805	0.0025409921337	0.00255995352337	0.00256609357535	0.00258235784832	
20	0.0	0.00191042361971	0.00217649775322	0.00213224382453	0.00214703378221	0.00211245247676	0.00220183063991	0.00225604586149	0.00225483243724	0.00228277286514	0.00226710702625	0.00225858092021	0.00227578905085	
22	0.0	0.00193515611266	0.00186972268712	0.00197553335103	0.00198077712628	0.00196792954702	0.00195035368501	0.0019517426403	0.00198968613667	0.0019782118837	0.00196866881373	0.00198106411938	0.00194185901366	
24	0.0	0.00215786388371	0.00198745337956	0.00184390582204	0.00186071813599	0.00189797168811	0.00194688340104	0.00200163611277	0.00199285959505	0.0019788549828	0.0019627974412	0.00198616128252	0.00199864954906	
26	0.0	0.00162726215571	0.00163259973053	0.0017597996307	0.00180678317096	0.00174893311403	0.00175491058968	0.00181417561027	0.0018307737442	0.00187325571958	0.00186858028309	0.00187502130866	0.00188533465664	
28	0.0	0.00200408856742	0.0020921592385	0.00222547095981	0.00218922214238	0.00221209151391	0.00221943592301	0.00223459240287	0.00223950423395	0.00226936877938	0.00225285352935	0.00224476990733	0.00221716448221	
30	0.0	0.00151860517762	0.00149016848799	0.00150509508666	0.00151394462867	0.00149527732399	0.00153815969106	0.0015713952281	0.00157876741857	0.00154606445964	0.00154500017566	0.00151826428554	0.00151143740642	
32	0.0	0.00201413864492	0.00197133345159	0.00216517272575	0.00227640665796	0.00214965568622	0.00214168944105	0.00213465715534	0.0021579102804	0.00210895935229	0.00212009636437	0.00209814977772	0.0020659083062	
34	0.0	0.00169638217141	0.00162570152998	0.00173555805081	0.00190916707712	0.00191014664139	0.00190080161246	0.00188336346324	0.00189507148817	0.00185529165591	0.00181424899022	0.0018121362619	0.00180541697912	
36	0.0	0.00180867927213	0.00181912364604	0.001865851251	0.0019317832393	0.00187744013244	0.00184292094195	0.00186399255897	0.00181664098476	0.00177400943665	0.00175709246311	0.00172572586721	0.00174554199198	
38	0.0	0.00186907909138	0.00187831423118	0.00186401402081	0.00195918537133	0.00199883473101	0.00196233372227	0.00196667816342	0.00194178898772	0.00190770507445	0.00188599695103	0.00186865429554	0.00189450164369	
40	0.0	0.00168546849508	0.00177022381411	0.00176066762047	0.00180112019571	0.00176313830064	0.00180028181348	0.00180455524892	0.00178336461392	0.00176764946427	0.00174625462737	0.00173907459286	0.00175682649928	
42	0.0	0.00217420591424	0.00235487060994	0.00236788802296	0.00228112326854	0.00221847455022	0.0022455184641	0.00220261232323	0.00223851322067	0.0022462453784	0.00223295979531	0.002213070851	0.00221876905793	
44	0.0	0.00258837893009	0.00257153468443	0.00253655790781	0.00240014260438	0.00237105051956	0.00239115180625	0.00234529172325	0.00230306365536	0.00232418115342	0.00232641846709	0.00230390885901	0.00231559173347	
46	0.0	0.00180141365823	0.00175392556372	0.00173392270049	0.0017351963935	0.00170241758466	0.00171960637976	0.00170787556158	0.00168459469939	0.00168950478491	0.0016792455407	0.00170567544752	0.00173855900448	
48	0.0	0.00199264486513	0.00194326219195	0.00195771023456	0.00194497525284	0.00194182680825	0.00188284361286	0.00188900518671	0.00184965716854	0.00184800250248	0.0018594069366	0.00186900632391	0.00188462004169	
50	0.0	0.00210949754675	0.00208279929474	0.00211597067858	0.00201533497795	0.0020315091637	0.00198835551336	0.00195715673459	0.0019508740583	0.0019469121798	0.00194435661525	0.00197840804942	0.00200460869166	
52	0.0	0.00217840156395	0.00227008486583	0.0021988679665	0.00214474808263	0.00215934300061	0.00213970950105	0.00211601179887	0.00210338329582	0.00211337862877	0.00213016614134	0.00212211273315	0.00213219681977	
54	0.0	0.00242943618906	0.00239913057575	0.00231243323133	0.00227563973536	0.00228694135457	0.00225518848478	0.00221468950327	0.00221499379588	0.00219888625551	0.00223140224521	0.00224563380499	0.00223049497629	
56	0.0	0.00236025353394	0.00232601762777	0.00219182901639	0.0021940766897	0.00220185049034	0.00214813447384	0.00217625303641	0.00215996079082	0.00215736314886	0.00219868065835	0.00221619312202	0.0022228379746	
58	0.0	0.00232962187469	0.0023140915317	0.00221479363895	0.00214069795164	0.00216087339335	0.00214166567469	0.00211866814506	0.00210006082148	0.00211041081735	0.00214420618172	0.00216139846715	0.00216041490404	
60	0.0	0.00235695778311	0.00237598760325	0.00224957756484	0.00219462647814	0.00214390799496	0.00211114643254	0.00211504465522	0.00210065615474	0.00212613443992	0.00214012281662	0.00214545596715	0.00214205375612	
62	0.0	0.00243803690866	0.00231671103808	0.00224703374482	0.00219621548843	0.00211984623775	0.00209011500309	0.00205981437932	0.00202250363632	0.00210281761879	0.00212739727972	0.0021235899328	0.00212925392351	
64	0.0	0.00226477670309	0.00211844624182	0.00194174193812	0.00190042278638	0.00183555819466	0.00182632479014	0.00183578567363	0.00181085275948	0.00184176617825	0.00184728408866	0.00186395016295	0.00187031462112	
