2	0.0	0.341119510869	0.394577173623	0.401045240476	0.41704606191	0.403654705421	0.419030266097	0.409653705139	0.416599551644	0.418534336031	0.422818329405	0.420774085212	0.422184213431	
4	0.0	0.489017163743	0.515130245791	0.518958354091	0.515535231458	0.536666110958	0.527396633717	0.535943458722	0.546608377701	0.545980646145	0.5439600686	0.544756641819	0.533705397906	
6	0.0	0.582873098552	0.619762141981	0.630747047317	0.635651728452	0.644098956379	0.650837663984	0.64969729894	0.636891009721	0.631916979844	0.63051085923	0.628278167521	0.633734380483	
8	0.0	0.676771677569	0.668709336158	0.708460360966	0.743994428827	0.743950439924	0.728425642618	0.723057801046	0.712696198346	0.721548415755	0.731883228583	0.74156026991	0.733481593094	
10	0.0	0.749431636249	0.826876901524	0.801298234533	0.824858147567	0.791491826912	0.787414241738	0.782956974693	0.800010667127	0.807133527261	0.800877159688	0.803641311348	0.786209060048	
12	0.0	0.811464977994	0.835612328965	0.868279185494	0.839151008126	0.836887049713	0.838540550151	0.864688446139	0.856479061492	0.855380692393	0.838175035708	0.829217084738	0.830710865672	
14	0.0	0.840676291905	0.892805535378	0.934217977201	0.906220416754	0.894846719662	0.920361504027	0.914032502274	0.906859383236	0.88890490328	0.889405521698	0.886490013241	0.894178403026	
16	0.0	0.877471857666	0.983189419553	0.965019361659	0.956003502643	0.962827174805	0.958484537349	0.960487968465	0.934306713234	0.938061456193	0.936778711632	0.943108490899	0.938829520176	
18	0.0	0.990407147889	1.02447529907	0.987212748543	0.987080448253	1.00608460001	0.994767723324	0.96560493442	0.964362238947	0.977510654069	0.964576171807	0.958515304395	0.963462291824	
20	0.0	0.95915643382	1.0517392082	0.999255733685	1.00884962174	1.02445567153	0.989023583069	0.987873051606	1.00564525928	1.0106094169	1.01136013396	1.01284848108	0.997983751405	
22	0.0	1.01217970364	1.11433307882	1.09224677418	1.11757152881	1.11298677031	1.07797633297	1.07329661009	1.09107634372	1.06982237859	1.0749915852	1.05847840689	1.04741249254	
24	0.0	1.09627390049	1.12154081827	1.12767708017	1.15067914729	1.09147648448	1.07737178688	1.08709481964	1.09198939745	1.08482574353	1.0716167495	1.06973668179	1.06016349568	
26	0.0	1.10190087828	1.16013264927	1.19716713407	1.18759637953	1.13119383919	1.13489259332	1.12938424482	1.11476122118	1.12791085775	1.10605864806	1.10737760245	1.10905251192	
28	0.0	1.13832576701	1.19221332954	1.23851226296	1.20628792132	1.13450717849	1.16620045333	1.14945741376	1.17113870577	1.14732319998	1.14764585599	1.14763330458	1.1416063378	
30	0.0	1.22268438768	1.24642678519	1.24547642385	1.1630162132	1.16003770579	1.18463994154	1.179143904	1.17313725482	1.16582617702	1.15793726636	1.16630455537	1.16820819199	
32	0.0	1.35531361684	1.26106138818	1.23043563105	1.16724316776	1.20207879119	1.21111521769	1.23584318997	1.230837952	1.21382801737	1.22093231017	1.20355278195	1.21663918199	
34	0.0	1.2244214088	1.20317303672	1.23475087044	1.16632135575	1.19829686691	1.17042159318	1.18340062291	1.16968194902	1.17803903298	1.18516034373	1.18224594225	1.18298856563	
36	0.0	1.24746973828	1.24344632826	1.23318471578	1.18041591984	1.18494704106	1.18899457596	1.20602648385	1.19071661248	1.19542757691	1.20214525765	1.20704515005	1.20088644604	
38	0.0	1.23414128615	1.31103952625	1.25815694216	1.21380561877	1.19195451069	1.20878557788	1.20931916294	1.23254872189	1.22858118138	1.23190178932	1.21681937966	1.21266296454	
40	0.0	1.43665663449	1.3125197917	1.25826784035	1.27813073353	1.24893869243	1.31809235476	1.30011101064	1.2995155572	1.29256081336	1.30253526219	1.29652987845	1.27900300656	
42	0.0	1.30473991455	1.38957059148	1.26786917048	1.28260091852	1.25068436336	1.25661291054	1.24963504818	1.27559707059	1.27807103127	1.26972863517	1.25721970156	1.29144761952	
44	0.0	1.2843725136	1.43269335267	1.32418722894	1.3289440224	1.32523342229	1.29276580661	1.2999979829	1.27755946454	1.28780116537	1.28374239134	1.26937100597	1.29464893536	
46	0.0	1.23036377856	1.38187025587	1.27525741773	1.31704890289	1.29991681179	1.29553610009	1.28689802228	1.27763945676	1.2977393522	1.28817715306	1.31089642079	1.30347697525	
48	0.0	1.34672235433	1.34386146472	1.26831687924	1.25664630187	1.26027113256	1.25468290834	1.30959507721	1.35214894764	1.33091775415	1.33728880196	1.32601962431	1.33840285605	
50	0.0	1.2160368173	1.29482452359	1.2371936583	1.24044627123	1.26637943847	1.25458706242	1.31341793133	1.34210768372	1.32555019502	1.35763187742	1.33933364958	1.33562981694	
52	0.0	1.385063433	1.29280283231	1.23989151655	1.25535745113	1.28033624795	1.29103286974	1.29398397643	1.31757224272	1.31507371136	1.32052356032	1.30984183379	1.30180218313	
54	0.0	1.51758945913	1.42136973333	1.40618960702	1.42086228817	1.45870374156	1.42804142992	1.41688299497	1.40512708353	1.39349306247	1.39383515431	1.38247073935	1.36667052042	
56	0.0	1.06819248223	1.24341536664	1.26510509134	1.2460727575	1.27828772167	1.29029195663	1.32273926451	1.32989080153	1.35023426531	1.34065073191	1.33234605017	1.34827971523	
58	0.0	1.59041245113	1.33493852374	1.32683289166	1.40517459451	1.40576664667	1.38488274559	1.379693632	1.35156494205	1.35566243569	1.34547879333	1.32971693858	1.32189130692	
60	0.0	1.11010055055	1.04997521838	1.14375932973	1.25173657151	1.28310684506	1.29810765366	1.33215593047	1.32777691806	1.31554593261	1.31378798473	1.30063128741	1.29083914149	
62	0.0	0.873708477483	1.18939637215	1.20800802465	1.31312509711	1.3048644524	1.33566204023	1.32608165736	1.32178980275	1.32454127706	1.32071801394	1.31034912459	1.31867714214	
64	0.0	1.30404019621	1.19263453189	1.2620001496	1.33811985312	1.33927228251	1.31960886791	1.31969261924	1.33834424503	1.3260237002	1.3302188547	1.32380606811	1.31395444403	
