5	0.0217053317961	0.786214927726	0.784886362808
10	0.0217053317961	0.856453590054	0.856149146912
15	0.0217053317961	0.878959357987	0.878958886348
20	0.0217053317961	0.89606614269	0.896103445068
25	0.0217053317961	0.912731151473	0.912922165373
30	0.0217053317961	0.913272400399	0.913264253903
35	0.0217053317961	0.913305843911	0.913335857318
40	0.0217053317961	0.913341431236	0.913790710507
45	0.0217053317961	0.914109988848	0.914369797765
50	0.0217053317961	0.914327586052	0.914425301131
55	0.0217053317961	0.914404334622	0.914392736584
60	0.0217053317961	0.914435634318	0.914427895147
65	0.0217053317961	0.914459216281	0.914411151953
70	0.0217053317961	0.914481940718	0.914452291759
75	0.0217053317961	0.921758476965	0.921833510484
80	0.0217053317961	0.921800495736	0.914449783496
85	0.0217053317961	0.921817646254	0.914483205569
90	0.0217053317961	0.921829222854	0.921853640905
95	0.0217053317961	0.921837798114	0.92181121481
100	0.0217053317961	0.921844658321	0.921863523891
