5	0.0812266117759	0.988629716742	0.988583760779
10	0.0812266117759	0.995215821772	0.995164487705
15	0.0812266117759	0.997002415193	0.997028769886
20	0.0812266117759	0.997819716113	0.997849676784
25	0.0812266117759	0.998261470345	0.998293270099
30	0.0812266117759	0.998510741843	0.998487209299
35	0.0812266117759	0.998660327218	0.998669275693
40	0.0812266117759	0.998752518491	0.998780727211
45	0.0812266117759	0.998808623724	0.998822601722
50	0.0812266117759	0.998840081819	0.998857790708
55	0.0812266117759	0.998857501232	0.998861604601
60	0.0812266117759	0.998866747186	0.998876039285
65	0.0812266117759	0.998871846952	0.998860541128
70	0.0812266117759	0.99887486317	0.998867657197
75	0.0812266117759	0.998877087959	0.998893906234
80	0.0812266117759	0.998879409291	0.998872760991
85	0.0812266117759	0.998882335977	0.998874729204
90	0.0812266117759	0.998886100728	0.998896479455
95	0.0812266117759	0.998890644871	0.998876231078
100	0.0812266117759	0.99889597244	0.998925383642
