5	0.0132385352625	0.739473387324	0.741354318502
10	0.0132385352625	0.813415549463	0.814135379076
15	0.0132385352625	0.84844152689	0.847373116958
20	0.0132385352625	0.868963011281	0.869852137475
25	0.0132385352625	0.881049882377	0.881210575981
30	0.0132385352625	0.88834240074	0.887186088168
35	0.0132385352625	0.893172614131	0.89406497527
40	0.0132385352625	0.896626542338	0.896225416832
45	0.0132385352625	0.899179586857	0.899792400199
50	0.0132385352625	0.901087075267	0.901648717867
55	0.0132385352625	0.902554903806	0.903748468542
60	0.0132385352625	0.90374268919	0.904257592156
65	0.0132385352625	0.904759746773	0.904617669943
70	0.0132385352625	0.905673877325	0.905572680708
75	0.0132385352625	0.9065244766	0.907342585507
80	0.0132385352625	0.907340351169	0.907374865743
85	0.0132385352625	0.908140578716	0.90926879851
90	0.0132385352625	0.908943334443	0.908420503887
95	0.0132385352625	0.909744709471	0.910263141851
100	0.0132385352625	0.910547719449	0.911612063553
