5	0.947149689284	0.998071651166	0.998430945106
10	0.947149689284	0.998307288867	0.998846448058
15	0.947149689284	0.998846839265	0.999319243402
20	0.947149689284	0.999281190059	0.99935709122
25	0.947149689284	0.999319243402	0.999678361582
30	0.947149689284	0.999338156444	0.999688567444
35	0.947149689284	0.999357032634	0.999697289271
40	0.947149689284	0.999357032634	0.999697479205
45	0.947149689284	0.999696822942	0.99970623505
50	0.947149689284	0.999696946257	0.999706262926
55	0.947149689284	0.999696946257	0.999706283715
60	0.947149689284	0.99970623505	0.999839155042
65	0.947149689284	0.999706292692	0.999839064327
70	0.947149689284	0.999782301104	0.999820165459
75	0.947149689284	0.999829769864	0.999839241504
80	0.947149689284	0.999830360453	0.999866333976
85	0.947149689284	0.999839086533	0.999839219298
90	0.947149689284	0.999839086533	0.999839241504
95	0.947149689284	0.999866290509	0.99986635004
100	0.947149689284	0.999866327361	0.999866327361
