5	0.0301745053163	0.738714111089	0.739835618823
10	0.0301745053163	0.812861817017	0.813173535287
15	0.0301745053163	0.848072582202	0.848384644316
20	0.0301745053163	0.868687890849	0.869595900785
25	0.0301745053163	0.880781062787	0.880804553293
30	0.0301745053163	0.888043946086	0.88760057867
35	0.0301745053163	0.892827830127	0.893863283261
40	0.0301745053163	0.89622374783	0.896856736403
45	0.0301745053163	0.898716624981	0.899058420721
50	0.0301745053163	0.900562400166	0.901374277693
55	0.0301745053163	0.901973744816	0.902756758746
60	0.0301745053163	0.90310779336	0.90310390467
65	0.0301745053163	0.904076124387	0.90401026036
70	0.0301745053163	0.90494442538	0.904890220649
75	0.0301745053163	0.905753064206	0.906415324722
80	0.0301745053163	0.906532261142	0.906574170689
85	0.0301745053163	0.907301330339	0.907542062878
90	0.0301745053163	0.908076327586	0.908620477222
95	0.0301745053163	0.908853015177	0.908640992937
100	0.0301745053163	0.909631513482	0.910272119395
