5	0.041473324198	0.893368469683	0.893153197424
10	0.041473324198	0.930832245753	0.930462152065
15	0.041473324198	0.945249796285	0.945491008874
20	0.041473324198	0.953306489881	0.953628422323
25	0.041473324198	0.95830432091	0.958687412319
30	0.041473324198	0.961409092298	0.961105389817
35	0.041473324198	0.963398459291	0.963520905886
40	0.041473324198	0.964680295738	0.965081913151
45	0.041473324198	0.965483681012	0.965686762344
50	0.041473324198	0.965942428438	0.966203413013
55	0.041473324198	0.966199130665	0.966259884431
60	0.041473324198	0.966336179456	0.966474476668
65	0.041473324198	0.966412010355	0.966244128326
70	0.041473324198	0.966456940652	0.966349698324
75	0.041473324198	0.966490120251	0.966742012001
80	0.041473324198	0.966524774693	0.966425619759
85	0.041473324198	0.966568517482	0.966454943796
90	0.041473324198	0.966624870462	0.966780720281
95	0.041473324198	0.966693016817	0.966477337186
100	0.041473324198	0.966773089829	0.96721865838
